reduced-thickness=0.0 
fluctuation =1.0 
nucleon-width=0.6 
nucleon-min-dist=0.0 
WS-R0=5.0897 
WS-a0=0.59607 
WS-b2=0.038323 
WS-b3=0.21032
