reduced-thickness=0.0 
fluctuation =1.0 
nucleon-width=0.6 
nucleon-min-dist=0.0 
WS-R0=4.9214 
WS-a0=0.59214 
WS-b2=0.032363 
WS-b3=0.22218
