reduced-thickness=0.0 
fluctuation =1.0 
nucleon-width=0.6 
nucleon-min-dist=0.0 
WS-R0=5.0837 
WS-a0=0.52488 
WS-b2=0.15494 
WS-b3=0.09246
