reduced-thickness=0.0 
fluctuation =1.0 
nucleon-width=0.6 
nucleon-min-dist=0.0 
WS-R0=4.9464 
WS-a0=0.54177 
WS-b2=0.0074241 
WS-b3=0.13975
