reduced-thickness=0.0 
fluctuation =1.0 
nucleon-width=0.6 
nucleon-min-dist=0.0 
WS-R0=5.159 
WS-a0=0.44336 
WS-b2=0.26208 
WS-b3=0.084836
