reduced-thickness=0.0 
fluctuation =1.0 
nucleon-width=0.6 
nucleon-min-dist=0.0 
WS-R0=5.1283 
WS-a0=0.57486 
WS-b2=0.00023858 
WS-b3=0.1317
