reduced-thickness=0.0 
fluctuation =1.0 
nucleon-width=0.6 
nucleon-min-dist=0.0 
WS-R0=4.9914 
WS-a0=0.55869 
WS-b2=0.0040297 
WS-b3=0.026364
