reduced-thickness=0.0 
fluctuation =1.0 
nucleon-width=0.6 
nucleon-min-dist=0.0 
WS-R0=5.172 
WS-a0=0.51748 
WS-b2=0.24289 
WS-b3=0.060526
