reduced-thickness=0.0 
fluctuation =1.0 
nucleon-width=0.6 
nucleon-min-dist=0.0 
WS-R0=5.0479 
WS-a0=0.55294 
WS-b2=0.23309 
WS-b3=0.26327
