reduced-thickness=0.0 
fluctuation =1.0 
nucleon-width=0.6 
nucleon-min-dist=0.0 
WS-R0=5.1736 
WS-a0=0.46133 
WS-b2=0.24171 
WS-b3=0.21259
