reduced-thickness=0.0 
fluctuation =1.0 
nucleon-width=0.6 
nucleon-min-dist=0.0 
WS-R0=5.193 
WS-a0=0.53699 
WS-b2=0.09277 
WS-b3=0.10567
