reduced-thickness=0.0 
fluctuation =1.0 
nucleon-width=0.6 
nucleon-min-dist=0.0 
WS-R0=5.1822 
WS-a0=0.42487 
WS-b2=0.026638 
WS-b3=0.29817
