reduced-thickness=0.0 
fluctuation =1.0 
nucleon-width=0.6 
nucleon-min-dist=0.0 
WS-R0=5.0904 
WS-a0=0.47684 
WS-b2=0.13453 
WS-b3=0.093471
