reduced-thickness=0.0 
fluctuation =1.0 
nucleon-width=0.6 
nucleon-min-dist=0.0 
WS-R0=5.0166 
WS-a0=0.43888 
WS-b2=0.20122 
WS-b3=0.24791
