reduced-thickness=0.0 
fluctuation =1.0 
nucleon-width=0.6 
nucleon-min-dist=0.0 
WS-R0=5.0509 
WS-a0=0.59354 
WS-b2=0.087421 
WS-b3=0.047149
