reduced-thickness=0.0 
fluctuation =1.0 
nucleon-width=0.6 
nucleon-min-dist=0.0 
WS-R0=5.0357 
WS-a0=0.58855 
WS-b2=0.098362 
WS-b3=0.23075
