reduced-thickness=0.0 
fluctuation =1.0 
nucleon-width=0.6 
nucleon-min-dist=0.0 
WS-R0=5.1979 
WS-a0=0.56538 
WS-b2=0.16554 
WS-b3=0.19051
