reduced-thickness=0.0 
fluctuation =1.0 
nucleon-width=0.6 
nucleon-min-dist=0.0 
WS-R0=5.1311 
WS-a0=0.41597 
WS-b2=0.0097403 
WS-b3=0.28464
