reduced-thickness=0.0 
fluctuation =1.0 
nucleon-width=0.6 
nucleon-min-dist=0.0 
WS-R0=5.1224 
WS-a0=0.42857 
WS-b2=0.10073 
WS-b3=0.073951
