reduced-thickness=0.0 
fluctuation =1.0 
nucleon-width=0.6 
nucleon-min-dist=0.0 
WS-R0=4.9494 
WS-a0=0.43302 
WS-b2=0.023898 
WS-b3=0.066547
