reduced-thickness=0.0 
fluctuation =1.0 
nucleon-width=0.6 
nucleon-min-dist=0.0 
WS-R0=5.1827 
WS-a0=0.47049 
WS-b2=0.13273 
WS-b3=0.076194
