reduced-thickness=0.0 
fluctuation =1.0 
nucleon-width=0.6 
nucleon-min-dist=0.0 
WS-R0=5.0497 
WS-a0=0.42902 
WS-b2=0.069124 
WS-b3=0.14252
