reduced-thickness=0.0 
fluctuation =1.0 
nucleon-width=0.6 
nucleon-min-dist=0.0 
WS-R0=5.1523 
WS-a0=0.48051 
WS-b2=0.2055 
WS-b3=0.20021
