reduced-thickness=0.0 
fluctuation =1.0 
nucleon-width=0.6 
nucleon-min-dist=0.0 
WS-R0=5.1361 
WS-a0=0.52292 
WS-b2=0.05687 
WS-b3=0.14905
