reduced-thickness=0.0 
fluctuation =1.0 
nucleon-width=0.6 
nucleon-min-dist=0.0 
WS-R0=5.0294 
WS-a0=0.4404 
WS-b2=0.29463 
WS-b3=0.14861
