reduced-thickness=0.0 
fluctuation =1.0 
nucleon-width=0.6 
nucleon-min-dist=0.0 
WS-R0=5.0788 
WS-a0=0.49867 
WS-b2=0.03716 
WS-b3=0.10854
