reduced-thickness=0.0 
fluctuation =1.0 
nucleon-width=0.6 
nucleon-min-dist=0.0 
WS-R0=5.026 
WS-a0=0.43807 
WS-b2=0.081225 
WS-b3=0.046323
