reduced-thickness=0.0 
fluctuation =1.0 
nucleon-width=0.6 
nucleon-min-dist=0.0 
WS-R0=4.9132 
WS-a0=0.50935 
WS-b2=0.0022783 
WS-b3=0.28057
