reduced-thickness=0.0 
fluctuation =1.0 
nucleon-width=0.6 
nucleon-min-dist=0.0 
WS-R0=4.9528 
WS-a0=0.54615 
WS-b2=0.14341 
WS-b3=0.08892
