reduced-thickness=0.0 
fluctuation =1.0 
nucleon-width=0.6 
nucleon-min-dist=0.0 
WS-R0=5.0816 
WS-a0=0.4712 
WS-b2=0.012522 
WS-b3=0.062632
