reduced-thickness=0.0 
fluctuation =1.0 
nucleon-width=0.6 
nucleon-min-dist=0.0 
WS-R0=5.1474 
WS-a0=0.43182 
WS-b2=0.017622 
WS-b3=0.25046
