reduced-thickness=0.0 
fluctuation =1.0 
nucleon-width=0.6 
nucleon-min-dist=0.0 
WS-R0=5.011 
WS-a0=0.41885 
WS-b2=0.11795 
WS-b3=0.13709
