reduced-thickness=0.0 
fluctuation =1.0 
nucleon-width=0.6 
nucleon-min-dist=0.0 
WS-R0=5.0756 
WS-a0=0.51279 
WS-b2=0.022925 
WS-b3=0.11301
