reduced-thickness=0.0 
fluctuation =1.0 
nucleon-width=0.6 
nucleon-min-dist=0.0 
WS-R0=5.0378 
WS-a0=0.58261 
WS-b2=0.22675 
WS-b3=0.11588
