reduced-thickness=0.0 
fluctuation =1.0 
nucleon-width=0.6 
nucleon-min-dist=0.0 
WS-R0=4.9802 
WS-a0=0.50306 
WS-b2=0.096516 
WS-b3=0.29635
