reduced-thickness=0.0 
fluctuation =1.0 
nucleon-width=0.6 
nucleon-min-dist=0.0 
WS-R0=4.9357 
WS-a0=0.40773 
WS-b2=0.0054077 
WS-b3=0.025755
