reduced-thickness=0.0 
fluctuation =1.0 
nucleon-width=0.6 
nucleon-min-dist=0.0 
WS-R0=4.9479 
WS-a0=0.56265 
WS-b2=0.050155 
WS-b3=0.28536
