reduced-thickness=0.0 
fluctuation =1.0 
nucleon-width=0.6 
nucleon-min-dist=0.0 
WS-R0=4.902 
WS-a0=0.48431 
WS-b2=0.043511 
WS-b3=0.061877
