reduced-thickness=0.0 
fluctuation =1.0 
nucleon-width=0.6 
nucleon-min-dist=0.0 
WS-R0=4.9978 
WS-a0=0.53334 
WS-b2=0.2074 
WS-b3=0.024342
