reduced-thickness=0.0 
fluctuation =1.0 
nucleon-width=0.6 
nucleon-min-dist=0.0 
WS-R0=4.9366 
WS-a0=0.50741 
WS-b2=0.090908 
WS-b3=0.057729
