reduced-thickness=0.0 
fluctuation =1.0 
nucleon-width=0.6 
nucleon-min-dist=0.0 
WS-R0=5.0309 
WS-a0=0.46972 
WS-b2=0.11552 
WS-b3=0.0055797
