reduced-thickness=0.0 
fluctuation =1.0 
nucleon-width=0.6 
nucleon-min-dist=0.0 
WS-R0=4.926 
WS-a0=0.46461 
WS-b2=0.13097 
WS-b3=0.1476
