reduced-thickness=0.0 
fluctuation =1.0 
nucleon-width=0.6 
nucleon-min-dist=0.0 
WS-R0=5.1411 
WS-a0=0.48481 
WS-b2=0.15695 
WS-b3=0.26521
