reduced-thickness=0.0 
fluctuation =1.0 
nucleon-width=0.6 
nucleon-min-dist=0.0 
WS-R0=4.9697 
WS-a0=0.4897 
WS-b2=0.18516 
WS-b3=0.018942
