reduced-thickness=0.0 
fluctuation =1.0 
nucleon-width=0.6 
nucleon-min-dist=0.0 
WS-R0=5.0989 
WS-a0=0.55783 
WS-b2=0.083565 
WS-b3=0.20596
