reduced-thickness=0.0 
fluctuation =1.0 
nucleon-width=0.6 
nucleon-min-dist=0.0 
WS-R0=5.0939 
WS-a0=0.49589 
WS-b2=0.20921 
WS-b3=0.1162
