reduced-thickness=0.0 
fluctuation =1.0 
nucleon-width=0.6 
nucleon-min-dist=0.0 
WS-R0=5.1453 
WS-a0=0.57967 
WS-b2=0.0061557 
WS-b3=0.0087977
