reduced-thickness=0.0 
fluctuation =1.0 
nucleon-width=0.6 
nucleon-min-dist=0.0 
WS-R0=4.9126 
WS-a0=0.42786 
WS-b2=0.10522 
WS-b3=0.0028084
