reduced-thickness=0.0 
fluctuation =1.0 
nucleon-width=0.6 
nucleon-min-dist=0.0 
WS-R0=4.963 
WS-a0=0.5636 
WS-b2=0.16857 
WS-b3=0.18945
