reduced-thickness=0.0 
fluctuation =1.0 
nucleon-width=0.6 
nucleon-min-dist=0.0 
WS-R0=4.997 
WS-a0=0.50421 
WS-b2=0.12351 
WS-b3=0.0072629
