reduced-thickness=0.0 
fluctuation =1.0 
nucleon-width=0.6 
nucleon-min-dist=0.0 
WS-R0=5.1557 
WS-a0=0.51498 
WS-b2=0.293 
WS-b3=0.0016612
