reduced-thickness=0.0 
fluctuation =1.0 
nucleon-width=0.6 
nucleon-min-dist=0.0 
WS-R0=5.1866 
WS-a0=0.42131 
WS-b2=0.25646 
WS-b3=0.26372
