reduced-thickness=0.0 
fluctuation =1.0 
nucleon-width=0.6 
nucleon-min-dist=0.0 
WS-R0=5.111 
WS-a0=0.45712 
WS-b2=0.28308 
WS-b3=0.24494
