reduced-thickness=0.0 
fluctuation =1.0 
nucleon-width=0.6 
nucleon-min-dist=0.0 
WS-R0=5.0453 
WS-a0=0.45368 
WS-b2=0.04917 
WS-b3=0.27193
