reduced-thickness=0.0 
fluctuation =1.0 
nucleon-width=0.6 
nucleon-min-dist=0.0 
WS-R0=4.9708 
WS-a0=0.53841 
WS-b2=0.17214 
WS-b3=0.027733
