reduced-thickness=0.0 
fluctuation =1.0 
nucleon-width=0.6 
nucleon-min-dist=0.0 
WS-R0=5.1964 
WS-a0=0.53977 
WS-b2=0.012992 
WS-b3=0.064334
