reduced-thickness=0.0 
fluctuation =1.0 
nucleon-width=0.6 
nucleon-min-dist=0.0 
WS-R0=5.0226 
WS-a0=0.56572 
WS-b2=0.2254 
WS-b3=0.02003
