reduced-thickness=0.0 
fluctuation =1.0 
nucleon-width=0.6 
nucleon-min-dist=0.0 
WS-R0=5.1799 
WS-a0=0.43643 
WS-b2=0.28027 
WS-b3=0.27932
