reduced-thickness=0.0 
fluctuation =1.0 
nucleon-width=0.6 
nucleon-min-dist=0.0 
WS-R0=4.9634 
WS-a0=0.5684 
WS-b2=0.08555 
WS-b3=0.0010169
