reduced-thickness=0.0 
fluctuation =1.0 
nucleon-width=0.6 
nucleon-min-dist=0.0 
WS-R0=5.158 
WS-a0=0.5353 
WS-b2=0.23339 
WS-b3=0.084032
