reduced-thickness=0.0 
fluctuation =1.0 
nucleon-width=0.6 
nucleon-min-dist=0.0 
WS-R0=5.1448 
WS-a0=0.56019 
WS-b2=0.11052 
WS-b3=0.034645
