reduced-thickness=0.0 
fluctuation =1.0 
nucleon-width=0.6 
nucleon-min-dist=0.0 
WS-R0=5.1416 
WS-a0=0.5728 
WS-b2=0.065241 
WS-b3=0.17604
