reduced-thickness=0.0 
fluctuation =1.0 
nucleon-width=0.6 
nucleon-min-dist=0.0 
WS-R0=4.991 
WS-a0=0.46264 
WS-b2=0.094885 
WS-b3=0.25795
