reduced-thickness=0.0 
fluctuation =1.0 
nucleon-width=0.6 
nucleon-min-dist=0.0 
WS-R0=4.9567 
WS-a0=0.5317 
WS-b2=0.063189 
WS-b3=0.065096
