reduced-thickness=0.0 
fluctuation =1.0 
nucleon-width=0.6 
nucleon-min-dist=0.0 
WS-R0=4.9901 
WS-a0=0.45305 
WS-b2=0.070482 
WS-b3=0.20223
