reduced-thickness=0.0 
fluctuation =1.0 
nucleon-width=0.6 
nucleon-min-dist=0.0 
WS-R0=4.9826 
WS-a0=0.55367 
WS-b2=0.123 
WS-b3=0.18327
