reduced-thickness=0.0 
fluctuation =1.0 
nucleon-width=0.6 
nucleon-min-dist=0.0 
WS-R0=5.0065 
WS-a0=0.40511 
WS-b2=0.25943 
WS-b3=0.12111
