reduced-thickness=0.0 
fluctuation =1.0 
nucleon-width=0.6 
nucleon-min-dist=0.0 
WS-R0=5.0685 
WS-a0=0.44753 
WS-b2=0.25358 
WS-b3=0.087551
