reduced-thickness=0.0 
fluctuation =1.0 
nucleon-width=0.6 
nucleon-min-dist=0.0 
WS-R0=5.0619 
WS-a0=0.4311 
WS-b2=0.20253 
WS-b3=0.15743
