reduced-thickness=0.0 
fluctuation =1.0 
nucleon-width=0.6 
nucleon-min-dist=0.0 
WS-R0=4.9082 
WS-a0=0.42108 
WS-b2=0.28392 
WS-b3=0.1117
