reduced-thickness=0.0 
fluctuation =1.0 
nucleon-width=0.6 
nucleon-min-dist=0.0 
WS-R0=5.0823 
WS-a0=0.44662 
WS-b2=0.11479 
WS-b3=0.095274
