reduced-thickness=0.0 
fluctuation =1.0 
nucleon-width=0.6 
nucleon-min-dist=0.0 
WS-R0=5.028 
WS-a0=0.59437 
WS-b2=0.070271 
WS-b3=0.11102
