reduced-thickness=0.0 
fluctuation =1.0 
nucleon-width=0.6 
nucleon-min-dist=0.0 
WS-R0=5.0778 
WS-a0=0.43249 
WS-b2=0.27968 
WS-b3=0.16119
