reduced-thickness=0.0 
fluctuation =1.0 
nucleon-width=0.6 
nucleon-min-dist=0.0 
WS-R0=5.0137 
WS-a0=0.44182 
WS-b2=0.21119 
WS-b3=0.20377
