reduced-thickness=0.0 
fluctuation =1.0 
nucleon-width=0.6 
nucleon-min-dist=0.0 
WS-R0=5.0437 
WS-a0=0.41349 
WS-b2=0.26379 
WS-b3=0.15588
