reduced-thickness=0.0 
fluctuation =1.0 
nucleon-width=0.6 
nucleon-min-dist=0.0 
WS-R0=5.1912 
WS-a0=0.46863 
WS-b2=0.074601 
WS-b3=0.0061356
