reduced-thickness=0.0 
fluctuation =1.0 
nucleon-width=0.6 
nucleon-min-dist=0.0 
WS-R0=5.1208 
WS-a0=0.58703 
WS-b2=0.18692 
WS-b3=0.052273
