reduced-thickness=0.0 
fluctuation =1.0 
nucleon-width=0.6 
nucleon-min-dist=0.0 
WS-R0=4.9762 
WS-a0=0.41998 
WS-b2=0.073532 
WS-b3=0.015153
