reduced-thickness=0.0 
fluctuation =1.0 
nucleon-width=0.6 
nucleon-min-dist=0.0 
WS-R0=4.9346 
WS-a0=0.5069 
WS-b2=0.14161 
WS-b3=0.073231
