reduced-thickness=0.0 
fluctuation =1.0 
nucleon-width=0.6 
nucleon-min-dist=0.0 
WS-R0=5.1293 
WS-a0=0.40056 
WS-b2=0.05155 
WS-b3=0.094842
