reduced-thickness=0.0 
fluctuation =1.0 
nucleon-width=0.6 
nucleon-min-dist=0.0 
WS-R0=5.1493 
WS-a0=0.52512 
WS-b2=0.29215 
WS-b3=0.043832
