reduced-thickness=0.0 
fluctuation =1.0 
nucleon-width=0.6 
nucleon-min-dist=0.0 
WS-R0=5.0391 
WS-a0=0.50793 
WS-b2=0.029754 
WS-b3=0.098303
