reduced-thickness=-0.010174
fluctuation=2.926
nucleon-width=0.93938 
nucleon-min-dist=0.86517 
WS-R0=4.9767 
WS-a0=0.40306 
WS-b2=0.20733 
WS-b3=0.2199
