reduced-thickness=0.073508
fluctuation=0.52828
nucleon-width=0.61926 
nucleon-min-dist=0.13628 
WS-R0=4.9824 
WS-a0=0.41592 
WS-b2=0.055159 
WS-b3=0.25069
