reduced-thickness=0.033752
fluctuation=1.6622
nucleon-width=0.93605 
nucleon-min-dist=0.5042 
WS-R0=5.0795 
WS-a0=0.49284 
WS-b2=0.23068 
WS-b3=0.25857
