reduced-thickness=0.073882
fluctuation=0.66716
nucleon-width=0.83626 
nucleon-min-dist=0.29419 
WS-R0=5.1442 
WS-a0=0.50688 
WS-b2=0.0074216 
WS-b3=0.22986
