reduced-thickness=0.024148
fluctuation=2.9958
nucleon-width=0.51638 
nucleon-min-dist=0.69074 
WS-R0=4.9151 
WS-a0=0.46699 
WS-b2=0.059341 
WS-b3=0.16341
