reduced-thickness=-0.058303
fluctuation=2.321
nucleon-width=0.99319 
nucleon-min-dist=0.91539 
WS-R0=5.0179 
WS-a0=0.42493 
WS-b2=0.056947 
WS-b3=0.02674
