reduced-thickness=-0.05898
fluctuation=2.3887
nucleon-width=0.89898 
nucleon-min-dist=0.78085 
WS-R0=5.0696 
WS-a0=0.41032 
WS-b2=0.023488 
WS-b3=0.071332
