reduced-thickness=0.066258
fluctuation=1.8887
nucleon-width=0.54013 
nucleon-min-dist=0.29735 
WS-R0=5.1696 
WS-a0=0.46488 
WS-b2=0.23828 
WS-b3=0.010426
