reduced-thickness=0.077398
fluctuation=2.4033
nucleon-width=0.72392 
nucleon-min-dist=0.97995 
WS-R0=4.9804 
WS-a0=0.41779 
WS-b2=0.27308 
WS-b3=0.26897
