reduced-thickness=0.083522
fluctuation=1.5632
nucleon-width=0.60219 
nucleon-min-dist=0.52554 
WS-R0=5.036 
WS-a0=0.44625 
WS-b2=0.23439 
WS-b3=0.21628
