reduced-thickness=-0.071415
fluctuation=1.3269
nucleon-width=0.71315 
nucleon-min-dist=0.69275 
WS-R0=5.0509 
WS-a0=0.41812 
WS-b2=0.25348 
WS-b3=0.27781
