reduced-thickness=-0.091382
fluctuation=1.133
nucleon-width=0.53849 
nucleon-min-dist=0.74787 
WS-R0=5.071 
WS-a0=0.48668 
WS-b2=0.11435 
WS-b3=0.14885
