reduced-thickness=-0.027226
fluctuation=1.6225
nucleon-width=0.62883 
nucleon-min-dist=0.96629 
WS-R0=4.9032 
WS-a0=0.42133 
WS-b2=0.050797 
WS-b3=0.11506
