reduced-thickness=-0.044613
fluctuation=2.192
nucleon-width=0.84045 
nucleon-min-dist=0.92923 
WS-R0=5.1147 
WS-a0=0.58296 
WS-b2=0.15109 
WS-b3=0.17236
