reduced-thickness=0.022785
fluctuation=0.67637
nucleon-width=0.5373 
nucleon-min-dist=0.12238 
WS-R0=5.1843 
WS-a0=0.45878 
WS-b2=0.17096 
WS-b3=0.0087498
