reduced-thickness=-0.090653
fluctuation=0.7145
nucleon-width=0.9496 
nucleon-min-dist=0.47763 
WS-R0=4.9784 
WS-a0=0.5135 
WS-b2=0.071949 
WS-b3=0.22461
