reduced-thickness=-0.065537
fluctuation=0.94416
nucleon-width=0.68929 
nucleon-min-dist=0.40604 
WS-R0=5.06 
WS-a0=0.45715 
WS-b2=0.20919 
WS-b3=0.065998
