reduced-thickness=-0.081352
fluctuation=2.0362
nucleon-width=0.72502 
nucleon-min-dist=0.51432 
WS-R0=4.9122 
WS-a0=0.53769 
WS-b2=0.23977 
WS-b3=0.21331
