reduced-thickness=0.059009
fluctuation=1.49
nucleon-width=0.58155 
nucleon-min-dist=0.19279 
WS-R0=5.0456 
WS-a0=0.56608 
WS-b2=0.0096796 
WS-b3=0.20471
