reduced-thickness=0.0086354
fluctuation=0.6504
nucleon-width=0.89646 
nucleon-min-dist=0.70646 
WS-R0=5.16 
WS-a0=0.40199 
WS-b2=0.02585 
WS-b3=0.23272
