reduced-thickness=0.043254
fluctuation=2.219
nucleon-width=0.77408 
nucleon-min-dist=0.80339 
WS-R0=4.9343 
WS-a0=0.46979 
WS-b2=0.19387 
WS-b3=0.22723
