reduced-thickness=0.063504
fluctuation=2.7893
nucleon-width=0.84226 
nucleon-min-dist=0.48664 
WS-R0=4.9506 
WS-a0=0.47053 
WS-b2=0.0029681 
WS-b3=0.21938
