reduced-thickness=-0.041872
fluctuation=1.8779
nucleon-width=0.65844 
nucleon-min-dist=0.62154 
WS-R0=5.0587 
WS-a0=0.44861 
WS-b2=0.13068 
WS-b3=0.20063
