reduced-thickness=0.091107
fluctuation=2.7999
nucleon-width=0.54158 
nucleon-min-dist=0.6841 
WS-R0=5.1422 
WS-a0=0.41362 
WS-b2=0.0092096 
WS-b3=0.22508
