reduced-thickness=-0.046813
fluctuation=1.6493
nucleon-width=0.57131 
nucleon-min-dist=0.41411 
WS-R0=5.016 
WS-a0=0.56286 
WS-b2=0.01731 
WS-b3=0.2841
