reduced-thickness=0.072664
fluctuation=1.3641
nucleon-width=0.85958 
nucleon-min-dist=0.7957 
WS-R0=5.1047 
WS-a0=0.405 
WS-b2=0.12407 
WS-b3=0.15436
