reduced-thickness=-0.064257
fluctuation=1.4012
nucleon-width=0.71014 
nucleon-min-dist=0.21763 
WS-R0=5.1364 
WS-a0=0.54768 
WS-b2=0.1675 
WS-b3=0.069665
