reduced-thickness=-0.094945
fluctuation=0.38011
nucleon-width=0.87241 
nucleon-min-dist=0.88684 
WS-R0=5.1877 
WS-a0=0.56107 
WS-b2=0.29326 
WS-b3=0.068492
