reduced-thickness=-0.021566
fluctuation=1.6512
nucleon-width=0.5796 
nucleon-min-dist=0.98324 
WS-R0=5.1385 
WS-a0=0.40717 
WS-b2=0.074216 
WS-b3=0.065346
