reduced-thickness=-0.056114
fluctuation=0.44855
nucleon-width=0.57552 
nucleon-min-dist=0.075299 
WS-R0=4.9595 
WS-a0=0.48143 
WS-b2=0.25771 
WS-b3=0.019669
