reduced-thickness=0.079424
fluctuation=2.2361
nucleon-width=0.56339 
nucleon-min-dist=0.37183 
WS-R0=4.9485 
WS-a0=0.48437 
WS-b2=0.16436 
WS-b3=0.025086
