reduced-thickness=-0.039183
fluctuation=1.1668
nucleon-width=0.81544 
nucleon-min-dist=0.8623 
WS-R0=5.1866 
WS-a0=0.49908 
WS-b2=0.21471 
WS-b3=0.13869
