reduced-thickness=-0.045938
fluctuation=1.9561
nucleon-width=0.60307 
nucleon-min-dist=0.22312 
WS-R0=4.9399 
WS-a0=0.44102 
WS-b2=0.10508 
WS-b3=0.27446
