reduced-thickness=0.050198
fluctuation=0.77979
nucleon-width=0.7222 
nucleon-min-dist=0.098183 
WS-R0=5.1848 
WS-a0=0.57004 
WS-b2=0.043315 
WS-b3=0.018974
