reduced-thickness=-0.03291
fluctuation=2.4697
nucleon-width=0.5211 
nucleon-min-dist=0.93034 
WS-R0=5.0566 
WS-a0=0.47471 
WS-b2=0.22808 
WS-b3=0.20175
