reduced-thickness=-0.020426
fluctuation=0.59201
nucleon-width=0.98904 
nucleon-min-dist=0.34161 
WS-R0=5.1308 
WS-a0=0.48741 
WS-b2=0.047663 
WS-b3=0.20867
