reduced-thickness=0.040026
fluctuation=1.2432
nucleon-width=0.53388 
nucleon-min-dist=0.83335 
WS-R0=5.0657 
WS-a0=0.45618 
WS-b2=0.26327 
WS-b3=0.1735
