reduced-thickness=0.02252
fluctuation=2.2727
nucleon-width=0.53558 
nucleon-min-dist=0.95831 
WS-R0=5.0549 
WS-a0=0.408 
WS-b2=0.24936 
WS-b3=0.10007
