reduced-thickness=-0.039561
fluctuation=0.43526
nucleon-width=0.50705 
nucleon-min-dist=0.9614 
WS-R0=4.92 
WS-a0=0.58104 
WS-b2=0.038284 
WS-b3=0.22301
