reduced-thickness=-0.067779
fluctuation=2.6889
nucleon-width=0.87638 
nucleon-min-dist=0.030141 
WS-R0=5.0025 
WS-a0=0.5258 
WS-b2=0.07219 
WS-b3=0.16855
