reduced-thickness=0.096362
fluctuation=0.34344
nucleon-width=0.67326 
nucleon-min-dist=0.46234 
WS-R0=5.0499 
WS-a0=0.51012 
WS-b2=0.12976 
WS-b3=0.029557
