reduced-thickness=-0.013488
fluctuation=0.54789
nucleon-width=0.97768 
nucleon-min-dist=0.29176 
WS-R0=5.1998 
WS-a0=0.47181 
WS-b2=0.25956 
WS-b3=0.2807
