reduced-thickness=-0.001699
fluctuation=2.7188
nucleon-width=0.8666 
nucleon-min-dist=0.55376 
WS-R0=5.0409 
WS-a0=0.56536 
WS-b2=0.070191 
WS-b3=0.15023
