reduced-thickness=0.088817
fluctuation=1.2299
nucleon-width=0.89501 
nucleon-min-dist=0.6061 
WS-R0=5.1514 
WS-a0=0.51555 
WS-b2=0.06052 
WS-b3=0.016707
