reduced-thickness=-0.082693
fluctuation=2.1328
nucleon-width=0.58316 
nucleon-min-dist=0.18612 
WS-R0=4.9708 
WS-a0=0.47101 
WS-b2=0.052314 
WS-b3=0.20273
