reduced-thickness=0.0092574
fluctuation=2.7086
nucleon-width=0.63906 
nucleon-min-dist=0.54013 
WS-R0=5.1064 
WS-a0=0.54512 
WS-b2=0.28132 
WS-b3=0.0021901
