reduced-thickness=-0.051811
fluctuation=2.9562
nucleon-width=0.56367 
nucleon-min-dist=0.10381 
WS-R0=5.0472 
WS-a0=0.53041 
WS-b2=0.0273 
WS-b3=0.29547
