reduced-thickness=-0.028332
fluctuation=2.61
nucleon-width=0.803 
nucleon-min-dist=0.45027 
WS-R0=5.1935 
WS-a0=0.57951 
WS-b2=0.258 
WS-b3=0.28047
