reduced-thickness=0.065712
fluctuation=2.3421
nucleon-width=0.75418 
nucleon-min-dist=0.78714 
WS-R0=5.0918 
WS-a0=0.56952 
WS-b2=0.042662 
WS-b3=0.06278
