reduced-thickness=-0.0081142
fluctuation=0.63881
nucleon-width=0.90723 
nucleon-min-dist=0.44911 
WS-R0=4.9213 
WS-a0=0.49652 
WS-b2=0.27211 
WS-b3=0.047352
