reduced-thickness=-0.015523
fluctuation=0.76994
nucleon-width=0.57405 
nucleon-min-dist=0.67406 
WS-R0=5.0405 
WS-a0=0.40552 
WS-b2=0.10863 
WS-b3=0.12649
