reduced-thickness=0.051757
fluctuation=0.97561
nucleon-width=0.5474 
nucleon-min-dist=0.81152 
WS-R0=5.1547 
WS-a0=0.43403 
WS-b2=0.2678 
WS-b3=0.24972
