reduced-thickness=-0.09197
fluctuation=2.0723
nucleon-width=0.75113 
nucleon-min-dist=0.96343 
WS-R0=4.9627 
WS-a0=0.42099 
WS-b2=0.23194 
WS-b3=0.19329
