reduced-thickness=-0.09677
fluctuation=1.3839
nucleon-width=0.62438 
nucleon-min-dist=0.64537 
WS-R0=5.0204 
WS-a0=0.45507 
WS-b2=0.20604 
WS-b3=0.22763
