reduced-thickness=-0.061175
fluctuation=2.7496
nucleon-width=0.66238 
nucleon-min-dist=0.36282 
WS-R0=5.0011 
WS-a0=0.50343 
WS-b2=0.058091 
WS-b3=0.20411
