reduced-thickness=0.073061
fluctuation=2.9899
nucleon-width=0.73201 
nucleon-min-dist=0.84637 
WS-R0=4.9616 
WS-a0=0.56204 
WS-b2=0.18554 
WS-b3=0.16971
