reduced-thickness=-0.033663
fluctuation=0.35768
nucleon-width=0.9616 
nucleon-min-dist=0.82367 
WS-R0=4.9087 
WS-a0=0.50235 
WS-b2=0.26557 
WS-b3=0.083215
