reduced-thickness=-0.014417
fluctuation=1.6944
nucleon-width=0.59358 
nucleon-min-dist=0.16938 
WS-R0=4.9661 
WS-a0=0.55699 
WS-b2=0.18846 
WS-b3=0.029202
