reduced-thickness=0.089409
fluctuation=0.53573
nucleon-width=0.79429 
nucleon-min-dist=0.99428 
WS-R0=5.1533 
WS-a0=0.48818 
WS-b2=0.024693 
WS-b3=0.15482
