reduced-thickness=0.042677
fluctuation=2.001
nucleon-width=0.97341 
nucleon-min-dist=0.58827 
WS-R0=5.0127 
WS-a0=0.50058 
WS-b2=0.069563 
WS-b3=0.075427
