reduced-thickness=0.0029298
fluctuation=1.8527
nucleon-width=0.9872 
nucleon-min-dist=0.73592 
WS-R0=4.9881 
WS-a0=0.43572 
WS-b2=0.20388 
WS-b3=0.20031
