reduced-thickness=0.086774
fluctuation=1.6789
nucleon-width=0.77208 
nucleon-min-dist=0.56435 
WS-R0=5.0635 
WS-a0=0.5276 
WS-b2=0.011029 
WS-b3=0.29861
