reduced-thickness=-0.096269
fluctuation=0.85951
nucleon-width=0.8777 
nucleon-min-dist=0.97645 
WS-R0=5.12 
WS-a0=0.57249 
WS-b2=0.23921 
WS-b3=0.09704
