reduced-thickness=0.024876
fluctuation=1.5029
nucleon-width=0.87358 
nucleon-min-dist=0.75735 
WS-R0=5.1671 
WS-a0=0.46779 
WS-b2=0.13807 
WS-b3=0.24767
