reduced-thickness=-0.085479
fluctuation=1.0038
nucleon-width=0.79898 
nucleon-min-dist=0.79426 
WS-R0=5.0864 
WS-a0=0.49715 
WS-b2=0.29777 
WS-b3=0.23707
