reduced-thickness=-0.040686
fluctuation=0.46773
nucleon-width=0.97388 
nucleon-min-dist=0.83766 
WS-R0=4.9185 
WS-a0=0.56659 
WS-b2=0.27797 
WS-b3=0.25199
