reduced-thickness=0.044039
fluctuation=0.94106
nucleon-width=0.59525 
nucleon-min-dist=0.93742 
WS-R0=5.0337 
WS-a0=0.47597 
WS-b2=0.16823 
WS-b3=0.015386
