reduced-thickness=-0.088022
fluctuation=2.4112
nucleon-width=0.56508 
nucleon-min-dist=0.54785 
WS-R0=5.1959 
WS-a0=0.47645 
WS-b2=0.12482 
WS-b3=0.051521
