reduced-thickness=-0.036543
fluctuation=2.235
nucleon-width=0.55481 
nucleon-min-dist=0.036559 
WS-R0=5.1765 
WS-a0=0.41368 
WS-b2=0.19589 
WS-b3=0.1433
