reduced-thickness=-0.0096299
fluctuation=1.7463
nucleon-width=0.5748 
nucleon-min-dist=0.6475 
WS-R0=4.9909 
WS-a0=0.57372 
WS-b2=0.2467 
WS-b3=0.016152
