reduced-thickness=-0.084543
fluctuation=2.7449
nucleon-width=0.90981 
nucleon-min-dist=0.90116 
WS-R0=5.1178 
WS-a0=0.52238 
WS-b2=0.21642 
WS-b3=0.16933
