reduced-thickness=0.045079
fluctuation=1.2515
nucleon-width=0.73531 
nucleon-min-dist=0.73291 
WS-R0=5.1826 
WS-a0=0.4896 
WS-b2=0.24492 
WS-b3=0.086769
