reduced-thickness=-0.02574
fluctuation=1.3026
nucleon-width=0.76732 
nucleon-min-dist=0.73673 
WS-R0=5.063 
WS-a0=0.56312 
WS-b2=0.22256 
WS-b3=0.15089
