reduced-thickness=-0.018325
fluctuation=0.91532
nucleon-width=0.59445 
nucleon-min-dist=0.37808 
WS-R0=4.922 
WS-a0=0.53948 
WS-b2=0.086736 
WS-b3=0.10055
