reduced-thickness=0.0017228
fluctuation=2.8587
nucleon-width=0.67483 
nucleon-min-dist=0.86004 
WS-R0=4.9675 
WS-a0=0.49857 
WS-b2=0.066884 
WS-b3=0.21731
