reduced-thickness=0.014853
fluctuation=2.3494
nucleon-width=0.51741 
nucleon-min-dist=0.12863 
WS-R0=5.0643 
WS-a0=0.49106 
WS-b2=0.082656 
WS-b3=0.10286
