reduced-thickness=0.089966
fluctuation=1.3786
nucleon-width=0.50486 
nucleon-min-dist=0.23537 
WS-R0=4.9097 
WS-a0=0.49458 
WS-b2=0.25301 
WS-b3=0.13625
