reduced-thickness=-0.097256
fluctuation=2.2702
nucleon-width=0.97684 
nucleon-min-dist=0.5497 
WS-R0=5.1396 
WS-a0=0.43728 
WS-b2=0.20657 
WS-b3=0.15739
