reduced-thickness=0.09272
fluctuation=1.5257
nucleon-width=0.77664 
nucleon-min-dist=0.75468 
WS-R0=5.1314 
WS-a0=0.49433 
WS-b2=0.15606 
WS-b3=0.10653
