reduced-thickness=-0.098177
fluctuation=0.3906
nucleon-width=0.64861 
nucleon-min-dist=0.56042 
WS-R0=5.125 
WS-a0=0.47311 
WS-b2=0.2326 
WS-b3=0.12531
