reduced-thickness=-0.062007
fluctuation=0.51145
nucleon-width=0.62965 
nucleon-min-dist=0.3587 
WS-R0=5.01 
WS-a0=0.42054 
WS-b2=0.29998 
WS-b3=0.19353
