reduced-thickness=0.068632
fluctuation=2.7866
nucleon-width=0.58997 
nucleon-min-dist=0.89724 
WS-R0=5.1771 
WS-a0=0.54747 
WS-b2=0.12919 
WS-b3=0.078835
