reduced-thickness=-0.053616
fluctuation=1.0345
nucleon-width=0.6785 
nucleon-min-dist=0.4243 
WS-R0=4.9489 
WS-a0=0.45999 
WS-b2=0.24763 
WS-b3=0.20533
