reduced-thickness=-0.02456
fluctuation=0.49013
nucleon-width=0.78973 
nucleon-min-dist=0.35055 
WS-R0=5.1579 
WS-a0=0.54113 
WS-b2=0.29472 
WS-b3=0.070612
