reduced-thickness=-0.085827
fluctuation=2.3812
nucleon-width=0.59591 
nucleon-min-dist=0.22943 
WS-R0=4.9689 
WS-a0=0.54645 
WS-b2=0.032033 
WS-b3=0.29297
