reduced-thickness=-0.017777
fluctuation=0.92698
nucleon-width=0.96249 
nucleon-min-dist=0.9739 
WS-R0=5.0059 
WS-a0=0.59334 
WS-b2=0.15813 
WS-b3=0.24104
