reduced-thickness=-0.011485
fluctuation=1.2948
nucleon-width=0.87919 
nucleon-min-dist=0.10243 
WS-R0=5.1552 
WS-a0=0.53733 
WS-b2=0.061482 
WS-b3=0.23799
