reduced-thickness=-0.077751
fluctuation=2.8397
nucleon-width=0.62199 
nucleon-min-dist=0.14451 
WS-R0=5.0599 
WS-a0=0.45778 
WS-b2=0.27043 
WS-b3=0.063341
