reduced-thickness=0.08246
fluctuation=2.5221
nucleon-width=0.88271 
nucleon-min-dist=0.51125 
WS-R0=5.072 
WS-a0=0.41137 
WS-b2=0.036967 
WS-b3=0.2735
