reduced-thickness=0.061565
fluctuation=2.5472
nucleon-width=0.63815 
nucleon-min-dist=0.06208 
WS-R0=5.0137 
WS-a0=0.41656 
WS-b2=0.14941 
WS-b3=0.26704
