reduced-thickness=-0.079163
fluctuation=2.5611
nucleon-width=0.93076 
nucleon-min-dist=0.48624 
WS-R0=5.0032 
WS-a0=0.52208 
WS-b2=0.26453 
WS-b3=0.17707
