reduced-thickness=-0.066436
fluctuation=1.6375
nucleon-width=0.54516 
nucleon-min-dist=0.81539 
WS-R0=4.9829 
WS-a0=0.52774 
WS-b2=0.086046 
WS-b3=0.26756
