reduced-thickness=0.044275
fluctuation=2.1495
nucleon-width=0.68747 
nucleon-min-dist=0.11681 
WS-R0=5.0063 
WS-a0=0.54043 
WS-b2=0.14099 
WS-b3=0.20691
