reduced-thickness=-0.083597
fluctuation=2.5343
nucleon-width=0.79137 
nucleon-min-dist=0.46516 
WS-R0=5.0221 
WS-a0=0.51111 
WS-b2=0.10199 
WS-b3=0.18747
