reduced-thickness=-0.071519
fluctuation=1.6054
nucleon-width=0.52042 
nucleon-min-dist=0.046732 
WS-R0=5.1125 
WS-a0=0.55583 
WS-b2=0.22675 
WS-b3=0.12275
