reduced-thickness=-0.056842
fluctuation=0.73618
nucleon-width=0.58506 
nucleon-min-dist=0.31917 
WS-R0=4.995 
WS-a0=0.51829 
WS-b2=0.14137 
WS-b3=0.24796
