reduced-thickness=0.085502
fluctuation=2.6822
nucleon-width=0.62782 
nucleon-min-dist=0.97084 
WS-R0=5.1792 
WS-a0=0.41208 
WS-b2=0.034883 
WS-b3=0.011438
