reduced-thickness=0.034777
fluctuation=2.0303
nucleon-width=0.87516 
nucleon-min-dist=0.51223 
WS-R0=5.129 
WS-a0=0.59156 
WS-b2=0.27431 
WS-b3=0.16135
