reduced-thickness=0.055516
fluctuation=2.2834
nucleon-width=0.81949 
nucleon-min-dist=0.80025 
WS-R0=5.1022 
WS-a0=0.56724 
WS-b2=0.15921 
WS-b3=0.0089889
