reduced-thickness=-0.0068443
fluctuation=0.96875
nucleon-width=0.78702 
nucleon-min-dist=0.40636 
WS-R0=5.02 
WS-a0=0.42505 
WS-b2=0.24554 
WS-b3=0.04318
