reduced-thickness=-0.050681
fluctuation=0.50318
nucleon-width=0.69497 
nucleon-min-dist=0.72431 
WS-R0=5.1751 
WS-a0=0.44042 
WS-b2=0.16369 
WS-b3=0.076263
