reduced-thickness=0.05961
fluctuation=0.80184
nucleon-width=0.74801 
nucleon-min-dist=0.67758 
WS-R0=4.9262 
WS-a0=0.4378 
WS-b2=0.18874 
WS-b3=0.19825
