reduced-thickness=0.057567
fluctuation=2.5284
nucleon-width=0.57245 
nucleon-min-dist=0.026619 
WS-R0=5.1728 
WS-a0=0.50082 
WS-b2=0.027784 
WS-b3=0.1375
