reduced-thickness=0.033431
fluctuation=2.5827
nucleon-width=0.59111 
nucleon-min-dist=0.32063 
WS-R0=5.1973 
WS-a0=0.45242 
WS-b2=0.11909 
WS-b3=0.22087
