reduced-thickness=0.01751
fluctuation=1.8366
nucleon-width=0.92827 
nucleon-min-dist=0.67151 
WS-R0=4.9411 
WS-a0=0.47889 
WS-b2=0.12349 
WS-b3=0.058136
