reduced-thickness=-0.087047
fluctuation=1.3142
nucleon-width=0.83914 
nucleon-min-dist=0.037943 
WS-R0=4.9479 
WS-a0=0.51761 
WS-b2=0.22189 
WS-b3=0.28598
