reduced-thickness=-0.01207
fluctuation=1.8564
nucleon-width=0.70684 
nucleon-min-dist=0.46479 
WS-R0=5.0431 
WS-a0=0.41714 
WS-b2=0.04396 
WS-b3=0.29013
