reduced-thickness=0.03979
fluctuation=2.5721
nucleon-width=0.64636 
nucleon-min-dist=0.4843 
WS-R0=4.9232 
WS-a0=0.51683 
WS-b2=0.29609 
WS-b3=0.20618
