reduced-thickness=-0.00064669
fluctuation=1.9665
nucleon-width=0.97096 
nucleon-min-dist=0.44335 
WS-R0=4.992 
WS-a0=0.50967 
WS-b2=0.26928 
WS-b3=0.10399
