reduced-thickness=-0.051118
fluctuation=2.1631
nucleon-width=0.56222 
nucleon-min-dist=0.76963 
WS-R0=5.0192 
WS-a0=0.46138 
WS-b2=0.078621 
WS-b3=0.17572
