reduced-thickness=-0.094582
fluctuation=2.7135
nucleon-width=0.97539 
nucleon-min-dist=0.2703 
WS-R0=4.9339 
WS-a0=0.45173 
WS-b2=0.229 
WS-b3=0.16789
