reduced-thickness=0.08481
fluctuation=1.3885
nucleon-width=0.77522 
nucleon-min-dist=0.37919 
WS-R0=4.9552 
WS-a0=0.46045 
WS-b2=0.18223 
WS-b3=0.13034
