reduced-thickness=0.015873
fluctuation=0.90538
nucleon-width=0.69023 
nucleon-min-dist=0.29595 
WS-R0=5.0232 
WS-a0=0.57051 
WS-b2=0.29026 
WS-b3=0.26316
