reduced-thickness=0.063082
fluctuation=1.5446
nucleon-width=0.70325 
nucleon-min-dist=0.57486 
WS-R0=5.0312 
WS-a0=0.49753 
WS-b2=0.2228 
WS-b3=0.25944
