reduced-thickness=0.067859
fluctuation=1.983
nucleon-width=0.80662 
nucleon-min-dist=0.5831 
WS-R0=5.0878 
WS-a0=0.5058 
WS-b2=0.21234 
WS-b3=0.24015
