reduced-thickness=-0.043692
fluctuation=0.84899
nucleon-width=0.66963 
nucleon-min-dist=0.23058 
WS-R0=5.0702 
WS-a0=0.48677 
WS-b2=0.27988 
WS-b3=0.24456
