reduced-thickness=-0.0036723
fluctuation=0.4805
nucleon-width=0.95631 
nucleon-min-dist=0.90401 
WS-R0=4.9682 
WS-a0=0.57613 
WS-b2=0.17832 
WS-b3=0.019979
