reduced-thickness=-0.073943
fluctuation=1.4235
nucleon-width=0.84348 
nucleon-min-dist=0.4817 
WS-R0=5.1206 
WS-a0=0.46939 
WS-b2=0.13014 
WS-b3=0.19921
