reduced-thickness=0.008074
fluctuation=1.9182
nucleon-width=0.95518 
nucleon-min-dist=0.80159 
WS-R0=4.9429 
WS-a0=0.48115 
WS-b2=0.11508 
WS-b3=0.10693
