reduced-thickness=0.035921
fluctuation=0.45588
nucleon-width=0.86484 
nucleon-min-dist=0.042714 
WS-R0=5.0669 
WS-a0=0.56006 
WS-b2=0.1436 
WS-b3=0.19398
