reduced-thickness=-0.011018
fluctuation=1.8312
nucleon-width=0.83482 
nucleon-min-dist=0.20859 
WS-R0=5.0725 
WS-a0=0.56404 
WS-b2=0.14829 
WS-b3=0.01484
