reduced-thickness=0.06951
fluctuation=1.1805
nucleon-width=0.8845 
nucleon-min-dist=0.6398 
WS-R0=5.1561 
WS-a0=0.57304 
WS-b2=0.15146 
WS-b3=0.041331
