reduced-thickness=-0.037854
fluctuation=2.454
nucleon-width=0.52191 
nucleon-min-dist=0.74422 
WS-R0=4.9297 
WS-a0=0.41007 
WS-b2=0.052975 
WS-b3=0.05335
