reduced-thickness=0.092087
fluctuation=1.5404
nucleon-width=0.75539 
nucleon-min-dist=0.41613 
WS-R0=5.0256 
WS-a0=0.48916 
WS-b2=0.16241 
WS-b3=0.13096
