reduced-thickness=-0.032593
fluctuation=1.3192
nucleon-width=0.9585 
nucleon-min-dist=0.21906 
WS-R0=5.0074 
WS-a0=0.52329 
WS-b2=0.090832 
WS-b3=0.014412
