reduced-thickness=-0.045269
fluctuation=1.8417
nucleon-width=0.82558 
nucleon-min-dist=0.42293 
WS-R0=5.0053 
WS-a0=0.53107 
WS-b2=0.19992 
WS-b3=0.026035
