reduced-thickness=-0.093037
fluctuation=0.62251
nucleon-width=0.56778 
nucleon-min-dist=0.99237 
WS-R0=4.9752 
WS-a0=0.50659 
WS-b2=0.17915 
WS-b3=0.0069875
