reduced-thickness=0.092482
fluctuation=2.8963
nucleon-width=0.73346 
nucleon-min-dist=0.75094 
WS-R0=5.1838 
WS-a0=0.45209 
WS-b2=0.10471 
WS-b3=0.16176
