reduced-thickness=-0.048237
fluctuation=0.9878
nucleon-width=0.69418 
nucleon-min-dist=0.52268 
WS-R0=5.0649 
WS-a0=0.59788 
WS-b2=0.048885 
WS-b3=0.2615
