reduced-thickness=0.097987
fluctuation=1.2114
nucleon-width=0.70804 
nucleon-min-dist=0.43393 
WS-R0=4.9979 
WS-a0=0.59505 
WS-b2=0.23592 
WS-b3=0.28688
