reduced-thickness=0.011207
fluctuation=1.249
nucleon-width=0.76635 
nucleon-min-dist=0.89546 
WS-R0=5.1647 
WS-a0=0.54957 
WS-b2=0.058682 
WS-b3=0.26435
