reduced-thickness=0.050776
fluctuation=1.0898
nucleon-width=0.51093 
nucleon-min-dist=0.91882 
WS-R0=5.0714 
WS-a0=0.46058 
WS-b2=0.18305 
WS-b3=0.080592
