reduced-thickness=-0.08222
fluctuation=0.3873
nucleon-width=0.89396 
nucleon-min-dist=0.091412 
WS-R0=5.0741 
WS-a0=0.47968 
WS-b2=0.16006 
WS-b3=0.082073
