reduced-thickness=0.064247
fluctuation=1.2258
nucleon-width=0.97169 
nucleon-min-dist=0.021988 
WS-R0=5.1127 
WS-a0=0.41977 
WS-b2=0.29071 
WS-b3=0.22386
