reduced-thickness=-0.043333
fluctuation=0.85393
nucleon-width=0.64273 
nucleon-min-dist=0.24822 
WS-R0=5.0358 
WS-a0=0.49312 
WS-b2=0.21707 
WS-b3=0.037716
