reduced-thickness=0.029535
fluctuation=0.74348
nucleon-width=0.93474 
nucleon-min-dist=0.98462 
WS-R0=5.1134 
WS-a0=0.4107 
WS-b2=0.17121 
WS-b3=0.10605
