reduced-thickness=0.060982
fluctuation=1.6752
nucleon-width=0.82747 
nucleon-min-dist=0.35715 
WS-R0=5.0462 
WS-a0=0.51959 
WS-b2=0.13597 
WS-b3=0.25134
