reduced-thickness=-0.010046
fluctuation=0.6083
nucleon-width=0.80166 
nucleon-min-dist=0.28601 
WS-R0=4.933 
WS-a0=0.42336 
WS-b2=0.037863 
WS-b3=0.07262
