reduced-thickness=-0.034049
fluctuation=0.99685
nucleon-width=0.66054 
nucleon-min-dist=0.85789 
WS-R0=5.1558 
WS-a0=0.59181 
WS-b2=0.28422 
WS-b3=0.16617
