reduced-thickness=-0.052433
fluctuation=0.56828
nucleon-width=0.50143 
nucleon-min-dist=0.92243 
WS-R0=4.9382 
WS-a0=0.48511 
WS-b2=0.025737 
WS-b3=0.10207
