reduced-thickness=0.055974
fluctuation=0.45986
nucleon-width=0.85274 
nucleon-min-dist=0.25583 
WS-R0=5.1575 
WS-a0=0.55786 
WS-b2=0.075607 
WS-b3=0.17156
