reduced-thickness=0.007765
fluctuation=1.4808
nucleon-width=0.95295 
nucleon-min-dist=0.53427 
WS-R0=5.0135 
WS-a0=0.55341 
WS-b2=0.25964 
WS-b3=0.14356
