reduced-thickness=-0.093478
fluctuation=2.1068
nucleon-width=0.77295 
nucleon-min-dist=0.25263 
WS-R0=5.0147 
WS-a0=0.42622 
WS-b2=0.073585 
WS-b3=0.19177
