reduced-thickness=0.079082
fluctuation=0.91114
nucleon-width=0.82312 
nucleon-min-dist=0.66359 
WS-R0=5.069 
WS-a0=0.53604 
WS-b2=0.0971 
WS-b3=0.19754
