reduced-thickness=-0.078686
fluctuation=1.2856
nucleon-width=0.65628 
nucleon-min-dist=0.27875 
WS-R0=5.135 
WS-a0=0.47391 
WS-b2=0.19652 
WS-b3=0.069782
