reduced-thickness=-0.095344
fluctuation=2.5422
nucleon-width=0.78839 
nucleon-min-dist=0.72503 
WS-R0=5.0429 
WS-a0=0.45435 
WS-b2=0.086301 
WS-b3=0.14522
