reduced-thickness=-0.0051291
fluctuation=1.8256
nucleon-width=0.82985 
nucleon-min-dist=0.26698 
WS-R0=5.1919 
WS-a0=0.57848 
WS-b2=0.036459 
WS-b3=0.26265
