reduced-thickness=-0.088953
fluctuation=1.4293
nucleon-width=0.72281 
nucleon-min-dist=0.4325 
WS-R0=5.1078 
WS-a0=0.40413 
WS-b2=0.25594 
WS-b3=0.11988
