reduced-thickness=-0.030547
fluctuation=1.8458
nucleon-width=0.62371 
nucleon-min-dist=0.94067 
WS-R0=5.0023 
WS-a0=0.5939 
WS-b2=0.019895 
WS-b3=0.034088
