reduced-thickness=-0.02513
fluctuation=1.4387
nucleon-width=0.64008 
nucleon-min-dist=0.53206 
WS-R0=5.0616 
WS-a0=0.5797 
WS-b2=0.28533 
WS-b3=0.099038
