reduced-thickness=-0.090576
fluctuation=0.73174
nucleon-width=0.53299 
nucleon-min-dist=0.80727 
WS-R0=4.9136 
WS-a0=0.58834 
WS-b2=0.13388 
WS-b3=0.26585
