reduced-thickness=-0.0059296
fluctuation=1.4757
nucleon-width=0.69756 
nucleon-min-dist=0.12901 
WS-R0=4.99 
WS-a0=0.5367 
WS-b2=0.26998 
WS-b3=0.040833
