reduced-thickness=0.049436
fluctuation=0.9728
nucleon-width=0.94416 
nucleon-min-dist=0.27556 
WS-R0=4.9024 
WS-a0=0.436 
WS-b2=0.16078 
WS-b3=0.038472
