reduced-thickness=-0.012148
fluctuation=1.7585
nucleon-width=0.7439 
nucleon-min-dist=0.0051557 
WS-R0=5.1774 
WS-a0=0.52666 
WS-b2=0.033125 
WS-b3=0.21006
