reduced-thickness=-0.077115
fluctuation=1.4142
nucleon-width=0.85086 
nucleon-min-dist=0.82546 
WS-R0=5.1114 
WS-a0=0.5346 
WS-b2=0.22024 
WS-b3=0.1246
