reduced-thickness=0.086344
fluctuation=2.1261
nucleon-width=0.52252 
nucleon-min-dist=0.049844 
WS-R0=5.0826 
WS-a0=0.57169 
WS-b2=0.21159 
WS-b3=0.28271
