reduced-thickness=0.0463
fluctuation=1.0114
nucleon-width=0.6826 
nucleon-min-dist=0.065187 
WS-R0=4.9374 
WS-a0=0.43514 
WS-b2=0.2238 
WS-b3=0.14291
