reduced-thickness=-0.052792
fluctuation=1.9956
nucleon-width=0.65555 
nucleon-min-dist=0.59061 
WS-R0=5.0003 
WS-a0=0.54707 
WS-b2=0.22573 
WS-b3=0.13404
