reduced-thickness=-0.044354
fluctuation=2.9343
nucleon-width=0.93288 
nucleon-min-dist=0.3286 
WS-R0=4.9718 
WS-a0=0.48048 
WS-b2=0.23638 
WS-b3=0.10763
