reduced-thickness=0.054063
fluctuation=1.9233
nucleon-width=0.80398 
nucleon-min-dist=0.89338 
WS-R0=5.1043 
WS-a0=0.45332 
WS-b2=0.18634 
WS-b3=0.11658
