reduced-thickness=0.051961
fluctuation=1.3451
nucleon-width=0.97034 
nucleon-min-dist=0.42093 
WS-R0=5.0318 
WS-a0=0.47224 
WS-b2=0.041155 
WS-b3=0.087702
