reduced-thickness=0.0067402
fluctuation=2.6845
nucleon-width=0.94642 
nucleon-min-dist=0.42958 
WS-R0=5.0986 
WS-a0=0.59619 
WS-b2=0.16777 
WS-b3=0.14424
