reduced-thickness=0.025867
fluctuation=0.89151
nucleon-width=0.83387 
nucleon-min-dist=0.2798 
WS-R0=5.1745 
WS-a0=0.43123 
WS-b2=0.26771 
WS-b3=0.089069
