reduced-thickness=-0.0048952
fluctuation=1.7953
nucleon-width=0.62226 
nucleon-min-dist=0.31546 
WS-R0=5.0538 
WS-a0=0.55191 
WS-b2=0.0010603 
WS-b3=0.068727
