reduced-thickness=0.066857
fluctuation=0.57226
nucleon-width=0.99902 
nucleon-min-dist=0.49642 
WS-R0=5.1706 
WS-a0=0.43842 
WS-b2=0.045629 
WS-b3=0.17055
