reduced-thickness=0.075906
fluctuation=0.55655
nucleon-width=0.74515 
nucleon-min-dist=0.55587 
WS-R0=4.9114 
WS-a0=0.43046 
WS-b2=0.14969 
WS-b3=0.29957
