reduced-thickness=0.067432
fluctuation=2.2623
nucleon-width=0.81858 
nucleon-min-dist=0.69513 
WS-R0=5.1302 
WS-a0=0.53809 
WS-b2=0.13893 
WS-b3=0.15976
