reduced-thickness=-0.09748
fluctuation=1.4677
nucleon-width=0.51055 
nucleon-min-dist=0.53653 
WS-R0=5.0546 
WS-a0=0.55401 
WS-b2=0.13479 
WS-b3=0.14056
