reduced-thickness=0.034649
fluctuation=2.7409
nucleon-width=0.50585 
nucleon-min-dist=0.60336 
WS-R0=5.0161 
WS-a0=0.40756 
WS-b2=0.17196 
WS-b3=0.052755
