reduced-thickness=0.064757
fluctuation=1.2001
nucleon-width=0.66187 
nucleon-min-dist=0.19079 
WS-R0=5.1967 
WS-a0=0.51311 
WS-b2=0.10995 
WS-b3=0.01721
