reduced-thickness=0.050911
fluctuation=2.0606
nucleon-width=0.55574 
nucleon-min-dist=0.54522 
WS-R0=5.004 
WS-a0=0.55899 
WS-b2=0.028782 
WS-b3=0.23779
