reduced-thickness=4.5269e-05
fluctuation=2.3407
nucleon-width=0.92659 
nucleon-min-dist=0.13384 
WS-R0=4.9081 
WS-a0=0.52051 
WS-b2=0.17506 
WS-b3=0.054259
