reduced-thickness=-0.099929
fluctuation=1.798
nucleon-width=0.92551 
nucleon-min-dist=0.59375 
WS-R0=5.0448 
WS-a0=0.50588 
WS-b2=0.10763 
WS-b3=0.011873
