reduced-thickness=-0.028949
fluctuation=2.5183
nucleon-width=0.9145 
nucleon-min-dist=0.16228 
WS-R0=5.011 
WS-a0=0.40123 
WS-b2=0.14767 
WS-b3=0.081458
