reduced-thickness=0.029873
fluctuation=0.78776
nucleon-width=0.70259 
nucleon-min-dist=0.77695 
WS-R0=5.1361 
WS-a0=0.46595 
WS-b2=0.26863 
WS-b3=0.1326
