reduced-thickness=-0.046351
fluctuation=0.81352
nucleon-width=0.9272 
nucleon-min-dist=0.40359 
WS-R0=5.0992 
WS-a0=0.55126 
WS-b2=0.046783 
WS-b3=0.18278
