reduced-thickness=0.030626
fluctuation=0.52563
nucleon-width=0.85824 
nucleon-min-dist=0.016991 
WS-R0=4.9109 
WS-a0=0.55457 
WS-b2=0.0054036 
WS-b3=0.28481
