reduced-thickness=0.058534
fluctuation=2.2966
nucleon-width=0.71949 
nucleon-min-dist=0.0010138 
WS-R0=5.1276 
WS-a0=0.572 
WS-b2=0.21908 
WS-b3=0.063983
