reduced-thickness=0.023796
fluctuation=2.0286
nucleon-width=0.92958 
nucleon-min-dist=0.50708 
WS-R0=5.0888 
WS-a0=0.54974 
WS-b2=0.27601 
WS-b3=0.24273
