reduced-thickness=-0.053946
fluctuation=1.0242
nucleon-width=0.63434 
nucleon-min-dist=0.90874 
WS-R0=5.1737 
WS-a0=0.41932 
WS-b2=0.09456 
WS-b3=0.13688
