reduced-thickness=0.081775
fluctuation=2.4303
nucleon-width=0.55764 
nucleon-min-dist=0.98127 
WS-R0=4.9851 
WS-a0=0.4688 
WS-b2=0.11793 
WS-b3=0.048042
