reduced-thickness=-0.049733
fluctuation=2.9393
nucleon-width=0.99115 
nucleon-min-dist=0.71273 
WS-R0=5.1944 
WS-a0=0.44751 
WS-b2=0.28228 
WS-b3=0.12549
