reduced-thickness=-0.027434
fluctuation=1.4068
nucleon-width=0.93986 
nucleon-min-dist=0.068426 
WS-R0=4.9392 
WS-a0=0.43964 
WS-b2=0.082216 
WS-b3=0.034848
