reduced-thickness=-0.026474
fluctuation=2.0707
nucleon-width=0.97873 
nucleon-min-dist=0.37096 
WS-R0=4.9303 
WS-a0=0.56438 
WS-b2=0.023368 
WS-b3=0.020802
