reduced-thickness=-0.019177
fluctuation=1.0832
nucleon-width=0.54234 
nucleon-min-dist=0.84893 
WS-R0=5.1474 
WS-a0=0.53363 
WS-b2=0.23497 
WS-b3=0.18379
