reduced-thickness=-0.092451
fluctuation=1.0687
nucleon-width=0.74022 
nucleon-min-dist=0.77425 
WS-R0=5.1464 
WS-a0=0.59926 
WS-b2=0.12795 
WS-b3=0.15218
