reduced-thickness=-0.066074
fluctuation=1.6602
nucleon-width=0.63714 
nucleon-min-dist=0.85472 
WS-R0=4.9861 
WS-a0=0.43047 
WS-b2=0.083542 
WS-b3=0.088991
