reduced-thickness=-0.02488
fluctuation=2.4076
nucleon-width=0.61481 
nucleon-min-dist=0.17614 
WS-R0=5.1805 
WS-a0=0.46131 
WS-b2=0.19831 
WS-b3=0.076037
