reduced-thickness=0.075746
fluctuation=1.5568
nucleon-width=0.90405 
nucleon-min-dist=0.34919 
WS-R0=5.0373 
WS-a0=0.50303 
WS-b2=0.014784 
WS-b3=0.044485
