reduced-thickness=-0.02339
fluctuation=0.60123
nucleon-width=0.96778 
nucleon-min-dist=0.88475 
WS-R0=5.1528 
WS-a0=0.40359 
WS-b2=0.0085965 
WS-b3=0.18009
