reduced-thickness=0.049202
fluctuation=2.5022
nucleon-width=0.7481 
nucleon-min-dist=0.6667 
WS-R0=4.9069 
WS-a0=0.40944 
WS-b2=0.2926 
WS-b3=0.23567
