reduced-thickness=0.047195
fluctuation=0.47129
nucleon-width=0.5187 
nucleon-min-dist=0.47607 
WS-R0=4.9103 
WS-a0=0.53943 
WS-b2=0.092199 
WS-b3=0.20943
