reduced-thickness=0.060691
fluctuation=2.6958
nucleon-width=0.57693 
nucleon-min-dist=0.18219 
WS-R0=4.9133 
WS-a0=0.51146 
WS-b2=0.20052 
WS-b3=0.27988
