reduced-thickness=0.080962
fluctuation=1.2634
nucleon-width=0.50864 
nucleon-min-dist=0.50916 
WS-R0=4.905 
WS-a0=0.5314 
WS-b2=0.13953 
WS-b3=0.15654
