reduced-thickness=-0.062895
fluctuation=2.7747
nucleon-width=0.81535 
nucleon-min-dist=0.21015 
WS-R0=4.9196 
WS-a0=0.50466 
WS-b2=0.21037 
WS-b3=0.080096
