reduced-thickness=0.076625
fluctuation=2.4783
nucleon-width=0.68151 
nucleon-min-dist=0.79842 
WS-R0=5.0325 
WS-a0=0.53304 
WS-b2=0.23433 
WS-b3=0.13956
