reduced-thickness=0.098067
fluctuation=2.1115
nucleon-width=0.55023 
nucleon-min-dist=0.3394 
WS-R0=5.1686 
WS-a0=0.40335 
WS-b2=0.2509 
WS-b3=0.027789
