reduced-thickness=0.088044
fluctuation=2.3171
nucleon-width=0.78314 
nucleon-min-dist=0.98685 
WS-R0=5.1241 
WS-a0=0.56063 
WS-b2=0.18162 
WS-b3=0.28166
