reduced-thickness=-0.067988
fluctuation=2.7816
nucleon-width=0.94619 
nucleon-min-dist=0.20113 
WS-R0=5.1445 
WS-a0=0.5141 
WS-b2=0.13691 
WS-b3=0.18207
