reduced-thickness=0.097182
fluctuation=0.94995
nucleon-width=0.825 
nucleon-min-dist=0.21262 
WS-R0=4.9173 
WS-a0=0.46334 
WS-b2=0.17246 
WS-b3=0.16416
