reduced-thickness=-0.062332
fluctuation=0.81942
nucleon-width=0.69954 
nucleon-min-dist=0.12428 
WS-R0=5.1716 
WS-a0=0.49583 
WS-b2=0.028332 
WS-b3=0.02281
