reduced-thickness=-0.032096
fluctuation=0.83834
nucleon-width=0.72739 
nucleon-min-dist=0.91782 
WS-R0=5.1884 
WS-a0=0.49641 
WS-b2=0.15299 
WS-b3=0.037134
