reduced-thickness=-0.046984
fluctuation=2.7016
nucleon-width=0.92184 
nucleon-min-dist=0.70723 
WS-R0=4.9307 
WS-a0=0.56992 
WS-b2=0.048595 
WS-b3=0.11246
