reduced-thickness=0.027487
fluctuation=2.9056
nucleon-width=0.74649 
nucleon-min-dist=0.75374 
WS-R0=5.044 
WS-a0=0.53245 
WS-b2=0.068677 
WS-b3=0.082984
