reduced-thickness=-0.057278
fluctuation=2.4452
nucleon-width=0.99955 
nucleon-min-dist=0.22243 
WS-R0=5.0014 
WS-a0=0.52521 
WS-b2=0.0063668 
WS-b3=0.0039655
