reduced-thickness=0.038318
fluctuation=2.0614
nucleon-width=0.99515 
nucleon-min-dist=0.27469 
WS-R0=4.9568 
WS-a0=0.45951 
WS-b2=0.078257 
WS-b3=0.049009
