reduced-thickness=-0.098984
fluctuation=0.48581
nucleon-width=0.57766 
nucleon-min-dist=0.37413 
WS-R0=4.9819 
WS-a0=0.44537 
WS-b2=0.12029 
WS-b3=0.18133
