reduced-thickness=-0.069641
fluctuation=2.3986
nucleon-width=0.61115 
nucleon-min-dist=0.17191 
WS-R0=4.9264 
WS-a0=0.47894 
WS-b2=0.10645 
WS-b3=0.17473
