reduced-thickness=-0.089176
fluctuation=0.59725
nucleon-width=0.69852 
nucleon-min-dist=0.23311 
WS-R0=5.0071 
WS-a0=0.46738 
WS-b2=0.15414 
WS-b3=0.17174
