reduced-thickness=0.00588
fluctuation=1.1379
nucleon-width=0.78158 
nucleon-min-dist=0.80625 
WS-R0=4.941 
WS-a0=0.58164 
WS-b2=0.0020181 
WS-b3=0.092648
