reduced-thickness=0.057066
fluctuation=2.6422
nucleon-width=0.80848 
nucleon-min-dist=0.54444 
WS-R0=5.1643 
WS-a0=0.59757 
WS-b2=0.088399 
WS-b3=0.11544
