reduced-thickness=-0.031994
fluctuation=1.3554
nucleon-width=0.77836 
nucleon-min-dist=0.34536 
WS-R0=5.122 
WS-a0=0.47361 
WS-b2=0.22482 
WS-b3=0.18401
