reduced-thickness=-0.01391
fluctuation=2.8844
nucleon-width=0.91773 
nucleon-min-dist=0.43952 
WS-R0=4.9711 
WS-a0=0.51213 
WS-b2=0.015405 
WS-b3=0.27394
