reduced-thickness=0.030127
fluctuation=2.7957
nucleon-width=0.89214 
nucleon-min-dist=0.26495 
WS-R0=4.9323 
WS-a0=0.40065 
WS-b2=0.11209 
WS-b3=0.11286
