reduced-thickness=-0.040484
fluctuation=0.40889
nucleon-width=0.59936 
nucleon-min-dist=0.83587 
WS-R0=4.9464 
WS-a0=0.51895 
WS-b2=0.26382 
WS-b3=0.24666
