reduced-thickness=-0.016446
fluctuation=1.1639
nucleon-width=0.88681 
nucleon-min-dist=0.78458 
WS-R0=5.1614 
WS-a0=0.4626 
WS-b2=0.21412 
WS-b3=0.031091
