reduced-thickness=0.018585
fluctuation=1.8928
nucleon-width=0.81736 
nucleon-min-dist=0.53061 
WS-R0=4.9906 
WS-a0=0.50768 
WS-b2=0.14501 
WS-b3=0.18782
