reduced-thickness=0.021161
fluctuation=2.673
nucleon-width=0.66368 
nucleon-min-dist=0.88998 
WS-R0=5.195 
WS-a0=0.50812 
WS-b2=0.19959 
WS-b3=0.29682
