reduced-thickness=0.070418
fluctuation=2.627
nucleon-width=0.87049 
nucleon-min-dist=0.7002 
WS-R0=4.9242 
WS-a0=0.54321 
WS-b2=0.013582 
WS-b3=0.066478
