reduced-thickness=-0.017431
fluctuation=1.9746
nucleon-width=0.95183 
nucleon-min-dist=0.88544 
WS-R0=5.0415 
WS-a0=0.50508 
WS-b2=0.0037488 
WS-b3=0.1014
