reduced-thickness=-0.062697
fluctuation=0.92889
nucleon-width=0.88778 
nucleon-min-dist=0.18034 
WS-R0=5.1384 
WS-a0=0.49142 
WS-b2=0.11351 
WS-b3=0.28988
