reduced-thickness=0.019986
fluctuation=2.6494
nucleon-width=0.73316 
nucleon-min-dist=0.41148 
WS-R0=4.9362 
WS-a0=0.57873 
WS-b2=0.16484 
WS-b3=0.036427
