reduced-thickness=0.029173
fluctuation=1.81
nucleon-width=0.65151 
nucleon-min-dist=0.30268 
WS-R0=5.0806 
WS-a0=0.59569 
WS-b2=0.10325 
WS-b3=0.27886
