reduced-thickness=-0.073141
fluctuation=2.8218
nucleon-width=0.89778 
nucleon-min-dist=0.38771 
WS-R0=5.1627 
WS-a0=0.40165 
WS-b2=0.098167 
WS-b3=0.27904
