reduced-thickness=-0.034419
fluctuation=2.9775
nucleon-width=0.71535 
nucleon-min-dist=0.15001 
WS-R0=5.1683 
WS-a0=0.52434 
WS-b2=0.24548 
WS-b3=0.12014
