reduced-thickness=0.091641
fluctuation=2.9732
nucleon-width=0.81358 
nucleon-min-dist=0.15569 
WS-R0=4.9502 
WS-a0=0.41255 
WS-b2=0.15488 
WS-b3=0.15146
