reduced-thickness=-0.04893
fluctuation=1.7024
nucleon-width=0.57064 
nucleon-min-dist=0.57686 
WS-R0=5.1264 
WS-a0=0.44065 
WS-b2=0.14648 
WS-b3=0.1482
