reduced-thickness=-0.072482
fluctuation=0.34156
nucleon-width=0.6337 
nucleon-min-dist=0.64284 
WS-R0=5.086 
WS-a0=0.53529 
WS-b2=0.26115 
WS-b3=0.073882
