reduced-thickness=0.038686
fluctuation=1.3003
nucleon-width=0.98114 
nucleon-min-dist=0.27242 
WS-R0=5.1525 
WS-a0=0.43329 
WS-b2=0.032242 
WS-b3=0.29796
