reduced-thickness=-0.074424
fluctuation=1.5288
nucleon-width=0.86854 
nucleon-min-dist=0.87661 
WS-R0=5.1484 
WS-a0=0.57687 
WS-b2=0.1915 
WS-b3=0.023935
