reduced-thickness=-0.075005
fluctuation=2.4493
nucleon-width=0.55259 
nucleon-min-dist=0.83844 
WS-R0=5.0954 
WS-a0=0.41525 
WS-b2=0.23332 
WS-b3=0.02206
