reduced-thickness=0.097548
fluctuation=2.9887
nucleon-width=0.66777 
nucleon-min-dist=0.76083 
WS-R0=5.0874 
WS-a0=0.4681 
WS-b2=0.17684 
WS-b3=0.039969
