reduced-thickness=-0.096037
fluctuation=1.2029
nucleon-width=0.91986 
nucleon-min-dist=0.31431 
WS-R0=5.0237 
WS-a0=0.43139 
WS-b2=0.10582 
WS-b3=0.0028402
