reduced-thickness=-0.0020423
fluctuation=2.8475
nucleon-width=0.72898 
nucleon-min-dist=0.75817 
WS-R0=5.0853 
WS-a0=0.46194 
WS-b2=0.039782 
WS-b3=0.13449
