reduced-thickness=-0.0034828
fluctuation=2.098
nucleon-width=0.51533 
nucleon-min-dist=0.88171 
WS-R0=5.1624 
WS-a0=0.41099 
WS-b2=0.2329 
WS-b3=0.0011898
