reduced-thickness=0.032428
fluctuation=0.82692
nucleon-width=0.85659 
nucleon-min-dist=0.031833 
WS-R0=5.1222 
WS-a0=0.43807 
WS-b2=0.051145 
WS-b3=0.090739
