reduced-thickness=-0.044057
fluctuation=1.9784
nucleon-width=0.63188 
nucleon-min-dist=0.36667 
WS-R0=4.9542 
WS-a0=0.54006 
WS-b2=0.2727 
WS-b3=0.18885
