reduced-thickness=0.0040283
fluctuation=0.4256
nucleon-width=0.51297 
nucleon-min-dist=0.19413 
WS-R0=5.1186 
WS-a0=0.5147 
WS-b2=0.181 
WS-b3=0.23134
