reduced-thickness=0.019825
fluctuation=0.91972
nucleon-width=0.56888 
nucleon-min-dist=0.56189 
WS-R0=5.0267 
WS-a0=0.44723 
WS-b2=0.050374 
WS-b3=0.032253
