reduced-thickness=-0.021013
fluctuation=1.6287
nucleon-width=0.85236 
nucleon-min-dist=0.6254 
WS-R0=4.9154 
WS-a0=0.52701 
WS-b2=0.16975 
WS-b3=0.056903
