reduced-thickness=-0.059329
fluctuation=1.6162
nucleon-width=0.78599 
nucleon-min-dist=0.84233 
WS-R0=5.1291 
WS-a0=0.55079 
WS-b2=0.038978 
WS-b3=0.23162
