reduced-thickness=-0.052325
fluctuation=2.9047
nucleon-width=0.86986 
nucleon-min-dist=0.94713 
WS-R0=4.9056 
WS-a0=0.57485 
WS-b2=0.28538 
WS-b3=0.13191
