reduced-thickness=0.021905
fluctuation=2.1713
nucleon-width=0.75729 
nucleon-min-dist=0.96757 
WS-R0=4.9794 
WS-a0=0.41292 
WS-b2=0.13843 
WS-b3=0.14589
