reduced-thickness=-0.072077
fluctuation=1.7273
nucleon-width=0.51382 
nucleon-min-dist=0.25031 
WS-R0=4.9 
WS-a0=0.49988 
WS-b2=0.011686 
WS-b3=0.22125
