reduced-thickness=0.084475
fluctuation=2.9626
nucleon-width=0.91056 
nucleon-min-dist=0.66424 
WS-R0=4.9838 
WS-a0=0.41485 
WS-b2=0.07722 
WS-b3=0.29397
