reduced-thickness=-0.016306
fluctuation=0.51078
nucleon-width=0.59208 
nucleon-min-dist=0.29089 
WS-R0=5.0398 
WS-a0=0.43313 
WS-b2=0.14439 
WS-b3=0.14125
