reduced-thickness=0.0014632
fluctuation=1.4918
nucleon-width=0.96427 
nucleon-min-dist=0.32366 
WS-R0=4.9193 
WS-a0=0.58486 
WS-b2=0.098758 
WS-b3=0.13159
