reduced-thickness=-0.086334
fluctuation=2.9183
nucleon-width=0.61582 
nucleon-min-dist=0.62495 
WS-R0=4.9438 
WS-a0=0.53425 
WS-b2=0.040476 
WS-b3=0.023385
