reduced-thickness=0.053715
fluctuation=2.5379
nucleon-width=0.91323 
nucleon-min-dist=0.15787 
WS-R0=4.9636 
WS-a0=0.51038 
WS-b2=0.070631 
WS-b3=0.13527
