reduced-thickness=-0.014487
fluctuation=2.3565
nucleon-width=0.54916 
nucleon-min-dist=0.38319 
WS-R0=5.1412 
WS-a0=0.59821 
WS-b2=0.12847 
WS-b3=0.060342
