reduced-thickness=0.053454
fluctuation=0.62865
nucleon-width=0.92063 
nucleon-min-dist=0.17897 
WS-R0=4.9017 
WS-a0=0.42872 
WS-b2=0.097758 
WS-b3=0.17656
