reduced-thickness=-0.083573
fluctuation=1.7313
nucleon-width=0.61357 
nucleon-min-dist=0.87101 
WS-R0=4.9181 
WS-a0=0.58969 
WS-b2=0.27724 
WS-b3=0.11951
