reduced-thickness=0.07791
fluctuation=2.2272
nucleon-width=0.63642 
nucleon-min-dist=0.45968 
WS-R0=5.0283 
WS-a0=0.58411 
WS-b2=0.10793 
WS-b3=0.05891
