reduced-thickness=0.021056
fluctuation=2.0235
nucleon-width=0.74922 
nucleon-min-dist=0.61209 
WS-R0=5.0737 
WS-a0=0.57781 
WS-b2=0.10428 
WS-b3=0.12675
