reduced-thickness=-0.0054834
fluctuation=2.8728
nucleon-width=0.74311 
nucleon-min-dist=0.14759 
WS-R0=5.0215 
WS-a0=0.53892 
WS-b2=0.19231 
WS-b3=0.054933
