reduced-thickness=0.03819
fluctuation=1.7525
nucleon-width=0.70932 
nucleon-min-dist=0.97019 
WS-R0=4.9987 
WS-a0=0.40508 
WS-b2=0.12707 
WS-b3=0.10469
