reduced-thickness=0.026613
fluctuation=2.1382
nucleon-width=0.75078 
nucleon-min-dist=0.99638 
WS-R0=5.0123 
WS-a0=0.42246 
WS-b2=0.25389 
WS-b3=0.039358
