reduced-thickness=-0.031479
fluctuation=0.51787
nucleon-width=0.95082 
nucleon-min-dist=0.40082 
WS-R0=5.0253 
WS-a0=0.46538 
WS-b2=0.28337 
WS-b3=0.042537
