reduced-thickness=0.06998
fluctuation=1.3437
nucleon-width=0.77013 
nucleon-min-dist=0.26867 
WS-R0=5.0556 
WS-a0=0.48288 
WS-b2=0.024509 
WS-b3=0.26995
