reduced-thickness=0.0072951
fluctuation=1.6083
nucleon-width=0.5037 
nucleon-min-dist=0.13697 
WS-R0=5.1039 
WS-a0=0.59656 
WS-b2=0.24789 
WS-b3=0.19506
