reduced-thickness=-0.0092151
fluctuation=2.6312
nucleon-width=0.55168 
nucleon-min-dist=0.84505 
WS-R0=4.9896 
WS-a0=0.43215 
WS-b2=0.23886 
WS-b3=0.084164
