reduced-thickness=0.035183
fluctuation=1.7677
nucleon-width=0.79355 
nucleon-min-dist=0.11311 
WS-R0=5.1978 
WS-a0=0.44206 
WS-b2=0.079412 
WS-b3=0.19003
