reduced-thickness=-0.074727
fluctuation=2.5917
nucleon-width=0.96617 
nucleon-min-dist=0.65236 
WS-R0=5.0465 
WS-a0=0.45407 
WS-b2=0.25452 
WS-b3=0.084868
