reduced-thickness=0.061929
fluctuation=1.3731
nucleon-width=0.80202 
nucleon-min-dist=0.10833 
WS-R0=5.1173 
WS-a0=0.47663 
WS-b2=0.2487 
WS-b3=0.13922
