reduced-thickness=-0.054425
fluctuation=2.1198
nucleon-width=0.63119 
nucleon-min-dist=0.68863 
WS-R0=5.1374 
WS-a0=0.55976 
WS-b2=0.15258 
WS-b3=0.12946
