reduced-thickness=-0.037038
fluctuation=2.2496
nucleon-width=0.58846 
nucleon-min-dist=0.79095 
WS-R0=4.9566 
WS-a0=0.4046 
WS-b2=0.049564 
WS-b3=0.16267
