reduced-thickness=0.0054182
fluctuation=1.273
nucleon-width=0.91874 
nucleon-min-dist=0.85649 
WS-R0=4.9997 
WS-a0=0.55705 
WS-b2=0.13167 
WS-b3=0.22195
