reduced-thickness=0.099773
fluctuation=1.2227
nucleon-width=0.55289 
nucleon-min-dist=0.25743 
WS-R0=5.1103 
WS-a0=0.45525 
WS-b2=0.23093 
WS-b3=0.21326
