reduced-thickness=-0.040165
fluctuation=0.37184
nucleon-width=0.81321 
nucleon-min-dist=0.45648 
WS-R0=5.1326 
WS-a0=0.52103 
WS-b2=0.28683 
WS-b3=0.29525
