reduced-thickness=0.090602
fluctuation=1.6443
nucleon-width=0.55413 
nucleon-min-dist=0.30643 
WS-R0=5.0531 
WS-a0=0.43442 
WS-b2=0.25199 
WS-b3=0.21425
