reduced-thickness=-0.084948
fluctuation=0.57707
nucleon-width=0.81197 
nucleon-min-dist=0.99921 
WS-R0=5.0187 
WS-a0=0.42849 
WS-b2=0.19395 
WS-b3=0.071798
