reduced-thickness=-0.079989
fluctuation=2.7223
nucleon-width=0.6727 
nucleon-min-dist=0.011253 
WS-R0=5.1461 
WS-a0=0.43273 
WS-b2=0.029785 
WS-b3=0.013044
