reduced-thickness=0.089634
fluctuation=1.0145
nucleon-width=0.58295 
nucleon-min-dist=0.46713 
WS-R0=5.0673 
WS-a0=0.42579 
WS-b2=0.28942 
WS-b3=0.2916
