reduced-thickness=-0.063642
fluctuation=2.6365
nucleon-width=0.64698 
nucleon-min-dist=0.7174 
WS-R0=4.9531 
WS-a0=0.4854 
WS-b2=0.10101 
WS-b3=0.24175
