reduced-thickness=0.0031419
fluctuation=2.5993
nucleon-width=0.87834 
nucleon-min-dist=0.61917 
WS-R0=4.999 
WS-a0=0.59352 
WS-b2=0.25523 
WS-b3=0.049817
