reduced-thickness=-0.041086
fluctuation=2.9498
nucleon-width=0.78103 
nucleon-min-dist=0.20134 
WS-R0=4.9423 
WS-a0=0.4434 
WS-b2=0.15685 
WS-b3=0.19047
