reduced-thickness=-0.0015445
fluctuation=2.2448
nucleon-width=0.68757 
nucleon-min-dist=0.86688 
WS-R0=5.103 
WS-a0=0.53077 
WS-b2=0.087647 
WS-b3=0.0080755
