reduced-thickness=0.095953
fluctuation=0.6216
nucleon-width=0.93657 
nucleon-min-dist=0.69619 
WS-R0=5.1056 
WS-a0=0.40627 
WS-b2=0.13471 
WS-b3=0.11027
