reduced-thickness=0.042406
fluctuation=2.199
nucleon-width=0.9124 
nucleon-min-dist=0.65529 
WS-R0=4.9744 
WS-a0=0.50397 
WS-b2=0.29682 
WS-b3=0.091218
