reduced-thickness=0.071682
fluctuation=1.4474
nucleon-width=0.88947 
nucleon-min-dist=0.40903 
WS-R0=5.1809 
WS-a0=0.44484 
WS-b2=0.14762 
WS-b3=0.051924
