reduced-thickness=0.04347
fluctuation=0.84384
nucleon-width=0.53975 
nucleon-min-dist=0.0065036 
WS-R0=5.1903 
WS-a0=0.48599 
WS-b2=0.15541 
WS-b3=0.098528
