reduced-thickness=-0.056319
fluctuation=0.76067
nucleon-width=0.86585 
nucleon-min-dist=0.085977 
WS-R0=5.1016 
WS-a0=0.43936 
WS-b2=0.053705 
WS-b3=0.23444
