reduced-thickness=0.069826
fluctuation=0.71032
nucleon-width=0.87488 
nucleon-min-dist=0.38909 
WS-R0=5.0781 
WS-a0=0.55485 
WS-b2=0.011894 
WS-b3=0.12197
