reduced-thickness=0.024397
fluctuation=0.33008
nucleon-width=0.59735 
nucleon-min-dist=0.8399 
WS-R0=5.0242 
WS-a0=0.40597 
WS-b2=0.067402 
WS-b3=0.24255
