reduced-thickness=0.015534
fluctuation=2.3255
nucleon-width=0.84162 
nucleon-min-dist=0.048437 
WS-R0=4.9469 
WS-a0=0.41909 
WS-b2=0.18756 
WS-b3=0.1559
