reduced-thickness=0.0096213
fluctuation=2.2586
nucleon-width=0.66443 
nucleon-min-dist=0.20378 
WS-R0=5.0684 
WS-a0=0.54482 
WS-b2=0.11886 
WS-b3=0.27134
