reduced-thickness=0.027964
fluctuation=2.0097
nucleon-width=0.84835 
nucleon-min-dist=0.85219 
WS-R0=4.9734 
WS-a0=0.58228 
WS-b2=0.014292 
WS-b3=0.031669
