reduced-thickness=0.078428
fluctuation=0.86703
nucleon-width=0.96365 
nucleon-min-dist=0.90483 
WS-R0=5.1539 
WS-a0=0.556 
WS-b2=0.10678 
WS-b3=0.25651
