reduced-thickness=-0.081146
fluctuation=1.0397
nucleon-width=0.75323 
nucleon-min-dist=0.078649 
WS-R0=4.9586 
WS-a0=0.55864 
WS-b2=0.20917 
WS-b3=0.2622
