reduced-thickness=0.065539
fluctuation=0.49961
nucleon-width=0.95945 
nucleon-min-dist=0.62715 
WS-R0=5.0803 
WS-a0=0.57732 
WS-b2=0.21331 
WS-b3=0.18302
