reduced-thickness=0.093453
fluctuation=0.83617
nucleon-width=0.89966 
nucleon-min-dist=0.74905 
WS-R0=5.0152 
WS-a0=0.546 
WS-b2=0.081012 
WS-b3=0.22855
