reduced-thickness=-0.028856
fluctuation=2.3859
nucleon-width=0.90274 
nucleon-min-dist=0.55679 
WS-R0=5.15 
WS-a0=0.40107 
WS-b2=0.17726 
WS-b3=0.073258
