reduced-thickness=-0.042736
fluctuation=1.9423
nucleon-width=0.52911 
nucleon-min-dist=0.1198 
WS-R0=5.0816 
WS-a0=0.52843 
WS-b2=0.18928 
WS-b3=0.26807
