reduced-thickness=0.066763
fluctuation=0.30984
nucleon-width=0.80015 
nucleon-min-dist=0.97818 
WS-R0=5.03 
WS-a0=0.52574 
WS-b2=0.21752 
WS-b3=0.0053082
