reduced-thickness=-0.073588
fluctuation=2.7646
nucleon-width=0.94209 
nucleon-min-dist=0.19552 
WS-R0=5.0304 
WS-a0=0.45366 
WS-b2=0.022119 
WS-b3=0.23926
