reduced-thickness=-0.069946
fluctuation=1.8217
nucleon-width=0.71777 
nucleon-min-dist=0.36466 
WS-R0=5.0833 
WS-a0=0.49927 
WS-b2=0.21558 
WS-b3=0.098436
