reduced-thickness=0.0065705
fluctuation=2.3093
nucleon-width=0.70788 
nucleon-min-dist=0.013719 
WS-R0=5.0116 
WS-a0=0.55072 
WS-b2=0.090485 
WS-b3=0.29224
