reduced-thickness=0.0082084
fluctuation=1.3097
nucleon-width=0.65389 
nucleon-min-dist=0.65229 
WS-R0=4.9609 
WS-a0=0.43638 
WS-b2=0.17932 
WS-b3=0.1591
