reduced-thickness=0.046793
fluctuation=0.56164
nucleon-width=0.68467 
nucleon-min-dist=0.062766 
WS-R0=4.996 
WS-a0=0.44013 
WS-b2=0.18046 
WS-b3=0.11755
