reduced-thickness=0.040344
fluctuation=2.9674
nucleon-width=0.82085 
nucleon-min-dist=0.76461 
WS-R0=5.0284 
WS-a0=0.49017 
WS-b2=0.10903 
WS-b3=0.059733
