reduced-thickness=-0.069143
fluctuation=0.58307
nucleon-width=0.53513 
nucleon-min-dist=0.63154 
WS-R0=4.9778 
WS-a0=0.58573 
WS-b2=0.031262 
WS-b3=0.15559
