reduced-thickness=-0.010617
fluctuation=0.68617
nucleon-width=0.68339 
nucleon-min-dist=0.66176 
WS-R0=5.0593 
WS-a0=0.52171 
WS-b2=0.21023 
WS-b3=0.2518
