reduced-thickness=-0.00030772
fluctuation=2.1001
nucleon-width=0.61636 
nucleon-min-dist=0.95657 
WS-R0=5.1924 
WS-a0=0.54078 
WS-b2=0.25883 
WS-b3=0.20751
