reduced-thickness=0.0011129
fluctuation=0.30392
nucleon-width=0.67587 
nucleon-min-dist=0.5286 
WS-R0=5.1143 
WS-a0=0.45934 
WS-b2=0.22749 
WS-b3=0.030707
