reduced-thickness=-0.0040295
fluctuation=0.58631
nucleon-width=0.55929 
nucleon-min-dist=0.36866 
WS-R0=5.1724 
WS-a0=0.5855 
WS-b2=0.2464 
WS-b3=0.048469
