reduced-thickness=-0.018559
fluctuation=2.1872
nucleon-width=0.6508 
nucleon-min-dist=0.51828 
WS-R0=4.9064 
WS-a0=0.56716 
WS-b2=0.19301 
WS-b3=0.094183
