reduced-thickness=0.056815
fluctuation=2.8077
nucleon-width=0.79785 
nucleon-min-dist=0.94455 
WS-R0=5.1984 
WS-a0=0.47773 
WS-b2=0.21947 
WS-b3=0.10864
