reduced-thickness=-0.029394
fluctuation=0.43022
nucleon-width=0.64229 
nucleon-min-dist=0.93194 
WS-R0=5.0176 
WS-a0=0.46376 
WS-b2=0.10174 
WS-b3=0.085699
