reduced-thickness=0.080157
fluctuation=2.4342
nucleon-width=0.61764 
nucleon-min-dist=0.50334 
WS-R0=5.0351 
WS-a0=0.52369 
WS-b2=0.13266 
WS-b3=0.25678
