reduced-thickness=0.071918
fluctuation=1.5215
nucleon-width=0.60603 
nucleon-min-dist=0.81431 
WS-R0=5.1319 
WS-a0=0.40934 
WS-b2=0.11115 
WS-b3=0.10527
