reduced-thickness=-0.038913
fluctuation=2.3091
nucleon-width=0.73736 
nucleon-min-dist=0.24143 
WS-R0=5.1861 
WS-a0=0.43001 
WS-b2=0.11372 
WS-b3=0.17319
