reduced-thickness=0.062229
fluctuation=0.40056
nucleon-width=0.71855 
nucleon-min-dist=0.61903 
WS-R0=4.9931 
WS-a0=0.4368 
WS-b2=0.1956 
WS-b3=0.12337
