reduced-thickness=-0.042258
fluctuation=2.2803
nucleon-width=0.82193 
nucleon-min-dist=0.73839 
WS-R0=5.1322 
WS-a0=0.42426 
WS-b2=0.0025837 
WS-b3=0.028143
