reduced-thickness=0.083832
fluctuation=2.0413
nucleon-width=0.67744 
nucleon-min-dist=0.57282 
WS-R0=4.976 
WS-a0=0.40676 
WS-b2=0.026753 
WS-b3=0.26103
