reduced-thickness=0.0787
fluctuation=1.7896
nucleon-width=0.6923 
nucleon-min-dist=0.63575 
WS-R0=4.9965 
WS-a0=0.59431 
WS-b2=0.2046 
WS-b3=0.050488
