reduced-thickness=-0.075774
fluctuation=2.5671
nucleon-width=0.83171 
nucleon-min-dist=0.15898 
WS-R0=5.05 
WS-a0=0.47846 
WS-b2=0.27919 
WS-b3=0.039217
