reduced-thickness=-0.033209
fluctuation=2.8308
nucleon-width=0.57019 
nucleon-min-dist=0.025026 
WS-R0=5.0819 
WS-a0=0.49778 
WS-b2=0.28063 
WS-b3=0.16088
