reduced-thickness=0.054712
fluctuation=1.5106
nucleon-width=0.55962 
nucleon-min-dist=0.79276 
WS-R0=4.9281 
WS-a0=0.55526 
WS-b2=0.056455 
WS-b3=0.27556
