reduced-thickness=-0.029852
fluctuation=0.32557
nucleon-width=0.50608 
nucleon-min-dist=0.3044 
WS-R0=5.1015 
WS-a0=0.45687 
WS-b2=0.28382 
WS-b3=0.11181
