reduced-thickness=0.010175
fluctuation=1.3923
nucleon-width=0.98301 
nucleon-min-dist=0.92507 
WS-R0=5.0347 
WS-a0=0.5093 
WS-b2=0.14562 
WS-b3=0.24935
