reduced-thickness=0.099205
fluctuation=2.4627
nucleon-width=0.98032 
nucleon-min-dist=0.30732 
WS-R0=5.182 
WS-a0=0.55228 
WS-b2=0.29539 
WS-b3=0.0042933
