reduced-thickness=0.076434
fluctuation=2.3307
nucleon-width=0.5657 
nucleon-min-dist=0.33682 
WS-R0=5.1711 
WS-a0=0.5174 
WS-b2=0.034445 
WS-b3=0.055312
