reduced-thickness=0.075054
fluctuation=1.7612
nucleon-width=0.85384 
nucleon-min-dist=0.71651 
WS-R0=5.1183 
WS-a0=0.54169 
WS-b2=0.11039 
WS-b3=0.21107
