reduced-thickness=0.058162
fluctuation=2.6094
nucleon-width=0.77775 
nucleon-min-dist=0.57071 
WS-R0=5.1059 
WS-a0=0.45818 
WS-b2=0.17808 
WS-b3=0.15335
