reduced-thickness=0.095165
fluctuation=1.9109
nucleon-width=0.98552 
nucleon-min-dist=0.16134 
WS-R0=5.1415 
WS-a0=0.59855 
WS-b2=0.094974 
WS-b3=0.26519
