reduced-thickness=0.021527
fluctuation=2.177
nucleon-width=0.7257 
nucleon-min-dist=0.76774 
WS-R0=5.189 
WS-a0=0.47119 
WS-b2=0.24143 
WS-b3=0.1081
