reduced-thickness=0.086182
fluctuation=1.8611
nucleon-width=0.90876 
nucleon-min-dist=0.78219 
WS-R0=5.109 
WS-a0=0.59092 
WS-b2=0.14254 
WS-b3=0.0060014
