reduced-thickness=-0.0026328
fluctuation=2.0918
nucleon-width=0.83837 
nucleon-min-dist=0.60006 
WS-R0=4.9812 
WS-a0=0.55308 
WS-b2=0.14301 
WS-b3=0.056307
