reduced-thickness=-0.01977
fluctuation=2.6654
nucleon-width=0.99245 
nucleon-min-dist=0.72032 
WS-R0=4.9888 
WS-a0=0.51942 
WS-b2=0.22417 
WS-b3=0.04598
