reduced-thickness=-0.048594
fluctuation=2.4887
nucleon-width=0.84381 
nucleon-min-dist=0.82745 
WS-R0=5.1192 
WS-a0=0.489 
WS-b2=0.28296 
WS-b3=0.05619
