reduced-thickness=-0.021897
fluctuation=2.8456
nucleon-width=0.64372 
nucleon-min-dist=0.26234 
WS-R0=5.0761 
WS-a0=0.41451 
WS-b2=0.15017 
WS-b3=0.28208
