reduced-thickness=0.04537
fluctuation=2.8536
nucleon-width=0.60471 
nucleon-min-dist=0.99194 
WS-R0=5.1248 
WS-a0=0.59964 
WS-b2=0.061791 
WS-b3=0.1288
