reduced-thickness=-0.06724
fluctuation=2.5955
nucleon-width=0.76385 
nucleon-min-dist=0.24239 
WS-R0=5.0493 
WS-a0=0.44241 
WS-b2=0.29484 
WS-b3=0.28914
