reduced-thickness=0.07145
fluctuation=1.5892
nucleon-width=0.625 
nucleon-min-dist=0.012109 
WS-R0=5.1072 
WS-a0=0.59102 
WS-b2=0.20267 
WS-b3=0.26395
