reduced-thickness=-0.0082976
fluctuation=0.70083
nucleon-width=0.68429 
nucleon-min-dist=0.4541 
WS-R0=5.0367 
WS-a0=0.51865 
WS-b2=0.15712 
WS-b3=0.29917
