reduced-thickness=-0.084213
fluctuation=2.2102
nucleon-width=0.76336 
nucleon-min-dist=0.66979 
WS-R0=5.0272 
WS-a0=0.56367 
WS-b2=0.0080392 
WS-b3=0.24404
