reduced-thickness=-0.0073682
fluctuation=1.7032
nucleon-width=0.98191 
nucleon-min-dist=0.47419 
WS-R0=5.0264 
WS-a0=0.4622 
WS-b2=0.06419 
WS-b3=0.043487
