reduced-thickness=0.028821
fluctuation=1.4076
nucleon-width=0.70027 
nucleon-min-dist=0.076539 
WS-R0=4.9864 
WS-a0=0.5743 
WS-b2=0.075482 
WS-b3=0.29341
