reduced-thickness=-0.038477
fluctuation=1.1134
nucleon-width=0.69583 
nucleon-min-dist=0.4513 
WS-R0=4.9646 
WS-a0=0.50214 
WS-b2=0.094286 
WS-b3=0.21461
