reduced-thickness=0.04747
fluctuation=1.5777
nucleon-width=0.69048 
nucleon-min-dist=0.91267 
WS-R0=5.0208 
WS-a0=0.42296 
WS-b2=0.0015699 
WS-b3=0.17797
