reduced-thickness=-0.07582
fluctuation=0.8992
nucleon-width=0.83094 
nucleon-min-dist=0.95093 
WS-R0=4.9455 
WS-a0=0.56046 
WS-b2=0.030712 
WS-b3=0.19549
