reduced-thickness=0.05893
fluctuation=1.0961
nucleon-width=0.78726 
nucleon-min-dist=0.0084546 
WS-R0=5.0729 
WS-a0=0.43179 
WS-b2=0.044863 
WS-b3=0.0072411
