reduced-thickness=-0.038042
fluctuation=1.1226
nucleon-width=0.73893 
nucleon-min-dist=0.33376 
WS-R0=4.959 
WS-a0=0.55842 
WS-b2=0.27372 
WS-b3=0.27654
