reduced-thickness=-0.091584
fluctuation=2.3663
nucleon-width=0.83767 
nucleon-min-dist=0.34254 
WS-R0=4.9722 
WS-a0=0.57895 
WS-b2=0.22134 
WS-b3=0.22814
