reduced-thickness=0.040763
fluctuation=2.942
nucleon-width=0.88041 
nucleon-min-dist=0.41959 
WS-R0=5.0563 
WS-a0=0.54822 
WS-b2=0.072966 
WS-b3=0.22255
