reduced-thickness=-0.081767
fluctuation=2.8747
nucleon-width=0.90054 
nucleon-min-dist=0.040911 
WS-R0=5.0618 
WS-a0=0.51566 
WS-b2=0.22701 
WS-b3=0.085255
