reduced-thickness=0.00075892
fluctuation=1.7769
nucleon-width=0.61291 
nucleon-min-dist=0.50116 
WS-R0=4.9496 
WS-a0=0.54413 
WS-b2=0.27678 
WS-b3=0.27099
