reduced-thickness=-0.092921
fluctuation=0.98419
nucleon-width=0.81798 
nucleon-min-dist=0.15214 
WS-R0=4.9394 
WS-a0=0.40872 
WS-b2=0.19774 
WS-b3=0.14095
