reduced-thickness=0.045995
fluctuation=2.6615
nucleon-width=0.84761 
nucleon-min-dist=0.12511 
WS-R0=5.1834 
WS-a0=0.57748 
WS-b2=0.062785 
WS-b3=0.089741
