reduced-thickness=-0.006331
fluctuation=1.8058
nucleon-width=0.95354 
nucleon-min-dist=0.55199 
WS-R0=4.9971 
WS-a0=0.52136 
WS-b2=0.18397 
WS-b3=0.1741
