reduced-thickness=0.088616
fluctuation=1.3514
nucleon-width=0.50287 
nucleon-min-dist=0.9342 
WS-R0=5.0081 
WS-a0=0.58896 
WS-b2=0.067974 
WS-b3=0.086594
