reduced-thickness=-0.037361
fluctuation=2.3767
nucleon-width=0.976 
nucleon-min-dist=0.11015 
WS-R0=4.964 
WS-a0=0.53167 
WS-b2=0.24129 
WS-b3=0.24059
