reduced-thickness=-0.077546
fluctuation=1.1884
nucleon-width=0.6099 
nucleon-min-dist=0.24492 
WS-R0=5.1994 
WS-a0=0.58359 
WS-b2=0.18717 
WS-b3=0.018512
