reduced-thickness=0.033192
fluctuation=2.7612
nucleon-width=0.8461 
nucleon-min-dist=0.59655 
WS-R0=4.9376 
WS-a0=0.59294 
WS-b2=0.2786 
WS-b3=0.092072
