reduced-thickness=0.070989
fluctuation=1.9517
nucleon-width=0.96744 
nucleon-min-dist=0.67189 
WS-R0=4.9045 
WS-a0=0.4479 
WS-b2=0.066254 
WS-b3=0.25811
