reduced-thickness=-0.030115
fluctuation=1.8697
nucleon-width=0.61822 
nucleon-min-dist=0.52016 
WS-R0=5.0624 
WS-a0=0.46445 
WS-b2=0.24027 
WS-b3=0.04665
