reduced-thickness=0.084248
fluctuation=2.4374
nucleon-width=0.98795 
nucleon-min-dist=0.49389 
WS-R0=4.973 
WS-a0=0.48021 
WS-b2=0.074695 
WS-b3=0.067636
