reduced-thickness=0.016579
fluctuation=1.6868
nucleon-width=0.72095 
nucleon-min-dist=0.68618 
WS-R0=5.1257 
WS-a0=0.4438 
WS-b2=0.12543 
WS-b3=0.2485
