reduced-thickness=0.025641
fluctuation=1.8186
nucleon-width=0.52519 
nucleon-min-dist=0.8205 
WS-R0=5.0974 
WS-a0=0.48755 
WS-b2=0.15827 
WS-b3=0.26003
