reduced-thickness=-0.036016
fluctuation=1.2166
nucleon-width=0.94303 
nucleon-min-dist=0.092411 
WS-R0=5.095 
WS-a0=0.48465 
WS-b2=0.088547 
WS-b3=0.1657
