reduced-thickness=-0.019025
fluctuation=2.5847
nucleon-width=0.52823 
nucleon-min-dist=0.89883 
WS-R0=4.9039 
WS-a0=0.58706 
WS-b2=0.13723 
WS-b3=0.18472
