reduced-thickness=0.06908
fluctuation=1.513
nucleon-width=0.76257 
nucleon-min-dist=0.72694 
WS-R0=4.9937 
WS-a0=0.40016 
WS-b2=0.041672 
WS-b3=0.025735
