reduced-thickness=-0.05776
fluctuation=2.6189
nucleon-width=0.70457 
nucleon-min-dist=0.58476 
WS-R0=4.9801 
WS-a0=0.44319 
WS-b2=0.27511 
WS-b3=0.22376
