reduced-thickness=-0.047994
fluctuation=1.1261
nucleon-width=0.63057 
nucleon-min-dist=0.68115 
WS-R0=5.0517 
WS-a0=0.53513 
WS-b2=0.25695 
WS-b3=0.2886
