reduced-thickness=0.060077
fluctuation=1.5367
nucleon-width=0.65007 
nucleon-min-dist=0.94735 
WS-R0=5.0393 
WS-a0=0.50369 
WS-b2=0.12633 
WS-b3=0.29725
