reduced-thickness=0.034019
fluctuation=1.7733
nucleon-width=0.96886 
nucleon-min-dist=0.080325 
WS-R0=5.1572 
WS-a0=0.56478 
WS-b2=0.20742 
WS-b3=0.17832
