reduced-thickness=-0.041739
fluctuation=0.69908
nucleon-width=0.90656 
nucleon-min-dist=0.089119 
WS-R0=4.9442 
WS-a0=0.42577 
WS-b2=0.17288 
WS-b3=0.25767
