reduced-thickness=0.013467
fluctuation=1.4973
nucleon-width=0.76882 
nucleon-min-dist=0.23687 
WS-R0=4.9236 
WS-a0=0.58667 
WS-b2=0.12428 
WS-b3=0.20369
