reduced-thickness=-0.026017
fluctuation=2.8151
nucleon-width=0.62032 
nucleon-min-dist=0.35411 
WS-R0=4.9667 
WS-a0=0.4218 
WS-b2=0.16639 
WS-b3=0.11336
