reduced-thickness=0.014159
fluctuation=1.0201
nucleon-width=0.89732 
nucleon-min-dist=0.37561 
WS-R0=5.0293 
WS-a0=0.45629 
WS-b2=0.10296 
WS-b3=0.12404
