reduced-thickness=-0.053427
fluctuation=1.334
nucleon-width=0.66864 
nucleon-min-dist=0.63748 
WS-R0=5.1632 
WS-a0=0.54196 
WS-b2=0.22544 
WS-b3=0.13589
