reduced-thickness=0.012131
fluctuation=2.8819
nucleon-width=0.59839 
nucleon-min-dist=0.87471 
WS-R0=5.0388 
WS-a0=0.53331 
WS-b2=0.11297 
WS-b3=0.11078
