reduced-thickness=0.011426
fluctuation=1.0638
nucleon-width=0.62681 
nucleon-min-dist=0.8925 
WS-R0=5.1784 
WS-a0=0.49812 
WS-b2=0.064574 
WS-b3=0.26607
