reduced-thickness=0.052879
fluctuation=1.7838
nucleon-width=0.65997 
nucleon-min-dist=0.14078 
WS-R0=4.9369 
WS-a0=0.49336 
WS-b2=0.26133 
WS-b3=0.096037
