reduced-thickness=0.065214
fluctuation=2.0819
nucleon-width=0.91155 
nucleon-min-dist=0.44675 
WS-R0=5.1004 
WS-a0=0.54368 
WS-b2=0.089561 
WS-b3=0.21795
