reduced-thickness=0.077295
fluctuation=1.9312
nucleon-width=0.70132 
nucleon-min-dist=0.4267 
WS-R0=4.9287 
WS-a0=0.49531 
WS-b2=0.020699 
WS-b3=0.10951
