reduced-thickness=0.048519
fluctuation=1.5862
nucleon-width=0.9345 
nucleon-min-dist=0.28863 
WS-R0=5.1757 
WS-a0=0.44575 
WS-b2=0.12304 
WS-b3=0.013747
