reduced-thickness=-0.049431
fluctuation=0.79203
nucleon-width=0.60707 
nucleon-min-dist=0.5942 
WS-R0=5.1283 
WS-a0=0.51195 
WS-b2=0.11661 
WS-b3=0.27204
