reduced-thickness=-0.063709
fluctuation=2.5124
nucleon-width=0.6788 
nucleon-min-dist=0.097438 
WS-R0=5.0045 
WS-a0=0.44826 
WS-b2=0.2434 
WS-b3=0.012722
