reduced-thickness=-0.013274
fluctuation=2.6235
nucleon-width=0.58077 
nucleon-min-dist=0.78628 
WS-R0=5.1429 
WS-a0=0.49057 
WS-b2=0.11625 
WS-b3=0.29465
