reduced-thickness=-0.060244
fluctuation=2.2516
nucleon-width=0.72993 
nucleon-min-dist=0.25845 
WS-R0=4.961 
WS-a0=0.57502 
WS-b2=0.25631 
WS-b3=0.201
