reduced-thickness=-0.072667
fluctuation=2.5072
nucleon-width=0.5088 
nucleon-min-dist=0.020341 
WS-R0=4.9701 
WS-a0=0.44493 
WS-b2=0.14185 
WS-b3=0.28359
