reduced-thickness=0.039251
fluctuation=2.9267
nucleon-width=0.67388 
nucleon-min-dist=0.3535 
WS-R0=5.0488 
WS-a0=0.56598 
WS-b2=0.055796 
WS-b3=0.14877
