reduced-thickness=-0.051432
fluctuation=1.0298
nucleon-width=0.77106 
nucleon-min-dist=0.056697 
WS-R0=5.1605 
WS-a0=0.57114 
WS-b2=0.28595 
WS-b3=0.19601
