reduced-thickness=0.012074
fluctuation=0.69228
nucleon-width=0.53652 
nucleon-min-dist=0.81891 
WS-R0=5.1469 
WS-a0=0.53236 
WS-b2=0.25062 
WS-b3=0.1893
