reduced-thickness=-0.060551
fluctuation=1.7158
nucleon-width=0.75235 
nucleon-min-dist=0.067185 
WS-R0=5.0678 
WS-a0=0.42403 
WS-b2=0.10044 
WS-b3=0.010677
