reduced-thickness=0.081582
fluctuation=0.54526
nucleon-width=0.99675 
nucleon-min-dist=0.7135 
WS-R0=5.1507 
WS-a0=0.51611 
WS-b2=0.28083 
WS-b3=0.25408
