reduced-thickness=-0.076338
fluctuation=1.6879
nucleon-width=0.74063 
nucleon-min-dist=0.73016 
WS-R0=5.0169 
WS-a0=0.59608 
WS-b2=0.1332 
WS-b3=0.087959
