reduced-thickness=0.023276
fluctuation=0.36295
nucleon-width=0.63559 
nucleon-min-dist=0.71067 
WS-R0=5.0088 
WS-a0=0.50842 
WS-b2=0.24979 
WS-b3=0.2766
