reduced-thickness=0.055129
fluctuation=0.31152
nucleon-width=0.80734 
nucleon-min-dist=0.39131 
WS-R0=5.1817 
WS-a0=0.58459 
WS-b2=0.021228 
WS-b3=0.079265
