reduced-thickness=-0.0011128
fluctuation=1.9374
nucleon-width=0.92286 
nucleon-min-dist=0.5698 
WS-R0=5.1797 
WS-a0=0.54649 
WS-b2=0.16227 
WS-b3=0.081006
