reduced-thickness=0.012877
fluctuation=1.1451
nucleon-width=0.72008 
nucleon-min-dist=0.47091 
WS-R0=5.1859 
WS-a0=0.5684 
WS-b2=0.20144 
WS-b3=0.062593
