reduced-thickness=-0.035703
fluctuation=2.0458
nucleon-width=0.76067 
nucleon-min-dist=0.22809 
WS-R0=5.1404 
WS-a0=0.45571 
WS-b2=0.085146 
WS-b3=0.11404
