reduced-thickness=0.041039
fluctuation=0.6451
nucleon-width=0.55701 
nucleon-min-dist=0.16569 
WS-R0=5.0481 
WS-a0=0.58912 
WS-b2=0.21849 
WS-b3=0.067006
