reduced-thickness=0.019496
fluctuation=1.9273
nucleon-width=0.94917 
nucleon-min-dist=0.31063 
WS-R0=5.0609 
WS-a0=0.51288 
WS-b2=0.12763 
WS-b3=0.078449
