reduced-thickness=0.031765
fluctuation=0.95663
nucleon-width=0.67028 
nucleon-min-dist=0.15319 
WS-R0=5.1937 
WS-a0=0.59458 
WS-b2=0.057856 
WS-b3=0.12137
