reduced-thickness=0.037161
fluctuation=1.8756
nucleon-width=0.66695 
nucleon-min-dist=0.04452 
WS-R0=4.9842 
WS-a0=0.58374 
WS-b2=0.11963 
WS-b3=0.0096994
