reduced-thickness=0.060436
fluctuation=0.44666
nucleon-width=0.86723 
nucleon-min-dist=0.17142 
WS-R0=5.0526 
WS-a0=0.42208 
WS-b2=0.091853 
WS-b3=0.18519
