reduced-thickness=0.074433
fluctuation=0.35084
nucleon-width=0.82669 
nucleon-min-dist=0.52509 
WS-R0=5.196 
WS-a0=0.52938 
WS-b2=0.13545 
WS-b3=0.28536
