reduced-thickness=-0.080347
fluctuation=1.3702
nucleon-width=0.88647 
nucleon-min-dist=0.051456 
WS-R0=5.1339 
WS-a0=0.57307 
WS-b2=0.29764 
WS-b3=0.25293
