reduced-thickness=0.096684
fluctuation=2.576
nucleon-width=0.83505 
nucleon-min-dist=0.7429 
WS-R0=4.9291 
WS-a0=0.53579 
WS-b2=0.22919 
WS-b3=0.13353
