reduced-thickness=-0.082991
fluctuation=1.5537
nucleon-width=0.53128 
nucleon-min-dist=0.21417 
WS-R0=5.1156 
WS-a0=0.57642 
WS-b2=0.13211 
WS-b3=0.14203
