reduced-thickness=-0.058035
fluctuation=1.0558
nucleon-width=0.95492 
nucleon-min-dist=0.41353 
WS-R0=4.9319 
WS-a0=0.48844 
WS-b2=0.17582 
WS-b3=0.18614
