reduced-thickness=0.028365
fluctuation=0.76501
nucleon-width=0.75591 
nucleon-min-dist=0.61512 
WS-R0=5.1909 
WS-a0=0.47562 
WS-b2=0.21303 
WS-b3=0.14639
