reduced-thickness=-0.04561
fluctuation=0.78253
nucleon-width=0.72843 
nucleon-min-dist=0.45738 
WS-R0=5.0753 
WS-a0=0.42012 
WS-b2=0.24236 
WS-b3=0.24354
