reduced-thickness=-0.097917
fluctuation=2.2887
nucleon-width=0.965 
nucleon-min-dist=0.64976 
WS-R0=4.9451 
WS-a0=0.49077 
WS-b2=0.19709 
WS-b3=0.15998
