reduced-thickness=-0.086044
fluctuation=2.4188
nucleon-width=0.7655 
nucleon-min-dist=0.76585 
WS-R0=4.9534 
WS-a0=0.41602 
WS-b2=0.26625 
WS-b3=0.23249
