reduced-thickness=0.026458
fluctuation=2.7526
nucleon-width=0.5308 
nucleon-min-dist=0.38502 
WS-R0=4.9941 
WS-a0=0.48352 
WS-b2=0.24427 
WS-b3=0.23649
