reduced-thickness=-0.087175
fluctuation=1.0728
nucleon-width=0.82814 
nucleon-min-dist=0.92598 
WS-R0=5.0323 
WS-a0=0.56803 
WS-b2=0.07783 
WS-b3=0.27033
