reduced-thickness=-0.035341
fluctuation=1.1006
nucleon-width=0.54339 
nucleon-min-dist=0.39927 
WS-R0=5.0933 
WS-a0=0.5265 
WS-b2=0.23786 
WS-b3=0.2339
