reduced-thickness=-0.026795
fluctuation=0.75527
nucleon-width=0.50025 
nucleon-min-dist=0.10657 
WS-R0=5.0782 
WS-a0=0.59006 
WS-b2=0.18627 
WS-b3=0.17025
