reduced-thickness=0.098523
fluctuation=1.454
nucleon-width=0.80541 
nucleon-min-dist=0.084688 
WS-R0=4.9315 
WS-a0=0.51068 
WS-b2=0.28818 
WS-b3=0.13802
