reduced-thickness=-0.016947
fluctuation=2.357
nucleon-width=0.78012 
nucleon-min-dist=0.64066 
WS-R0=5.108 
WS-a0=0.53839 
WS-b2=0.092778 
WS-b3=0.14945
