reduced-thickness=0.018795
fluctuation=0.63278
nucleon-width=0.79714 
nucleon-min-dist=0.39641 
WS-R0=5.1237 
WS-a0=0.55382 
WS-b2=0.070946 
WS-b3=0.27267
