reduced-thickness=-0.087552
fluctuation=0.66386
nucleon-width=0.64111 
nucleon-min-dist=0.17565 
WS-R0=4.9224 
WS-a0=0.48168 
WS-b2=0.099375 
WS-b3=0.18659
