reduced-thickness=0.036983
fluctuation=2.485
nucleon-width=0.65451 
nucleon-min-dist=0.39375 
WS-R0=4.955 
WS-a0=0.51506 
WS-b2=0.054645 
WS-b3=0.19929
