reduced-thickness=0.036651
fluctuation=1.2783
nucleon-width=0.60838 
nucleon-min-dist=0.58713 
WS-R0=5.137 
WS-a0=0.41746 
WS-b2=0.06583 
WS-b3=0.045135
