reduced-thickness=0.094251
fluctuation=1.331
nucleon-width=0.83286 
nucleon-min-dist=0.94214 
WS-R0=5.0895 
WS-a0=0.42738 
WS-b2=0.17392 
WS-b3=0.25589
