reduced-thickness=-0.021329
fluctuation=1.0775
nucleon-width=0.90541 
nucleon-min-dist=0.44361 
WS-R0=4.9925 
WS-a0=0.58273 
WS-b2=0.03632 
WS-b3=0.049788
