reduced-thickness=0.094096
fluctuation=2.3705
nucleon-width=0.79577 
nucleon-min-dist=0.43675 
WS-R0=5.1117 
WS-a0=0.58154 
WS-b2=0.080561 
WS-b3=0.24723
