reduced-thickness=0.0993
fluctuation=1.1108
nucleon-width=0.66564 
nucleon-min-dist=0.6343 
WS-R0=5.0849 
WS-a0=0.49376 
WS-b2=0.0042256 
WS-b3=0.0052085
