reduced-thickness=-0.020033
fluctuation=2.2207
nucleon-width=0.64793 
nucleon-min-dist=0.82962 
WS-R0=4.9627 
WS-a0=0.48372 
WS-b2=0.29391 
WS-b3=0.22648
