reduced-thickness=0.044538
fluctuation=2.7285
nucleon-width=0.54427 
nucleon-min-dist=0.38105 
WS-R0=4.9599 
WS-a0=0.45299 
WS-b2=0.1401 
WS-b3=0.097461
