reduced-thickness=0.013174
fluctuation=1.2385
nucleon-width=0.95734 
nucleon-min-dist=0.62973 
WS-R0=5.1653 
WS-a0=0.46311 
WS-b2=0.17008 
WS-b3=0.19686
