reduced-thickness=-0.093906
fluctuation=1.1547
nucleon-width=0.74508 
nucleon-min-dist=0.6093 
WS-R0=4.9511 
WS-a0=0.58718 
WS-b2=0.10002 
WS-b3=0.21076
