reduced-thickness=-0.024111
fluctuation=1.4627
nucleon-width=0.60088 
nucleon-min-dist=0.87234 
WS-R0=5.127 
WS-a0=0.45019 
WS-b2=0.084886 
WS-b3=0.060987
