reduced-thickness=-0.022771
fluctuation=2.4577
nucleon-width=0.76161 
nucleon-min-dist=0.57914 
WS-R0=4.9527 
WS-a0=0.41242 
WS-b2=0.04626 
WS-b3=0.25534
