reduced-thickness=-0.06894
fluctuation=0.33568
nucleon-width=0.60011 
nucleon-min-dist=0.51686 
WS-R0=5.0978 
WS-a0=0.54246 
WS-b2=0.16644 
WS-b3=0.14742
