reduced-thickness=-0.079353
fluctuation=0.41668
nucleon-width=0.82399 
nucleon-min-dist=0.094592 
WS-R0=5.1336 
WS-a0=0.43366 
WS-b2=0.12231 
WS-b3=0.033589
