reduced-thickness=-0.050212
fluctuation=1.7218
nucleon-width=0.9602 
nucleon-min-dist=0.61108 
WS-R0=5.1006 
WS-a0=0.45098 
WS-b2=0.25168 
WS-b3=0.25467
