reduced-thickness=-0.015984
fluctuation=1.4572
nucleon-width=0.89065 
nucleon-min-dist=0.65978 
WS-R0=5.166 
WS-a0=0.44923 
WS-b2=0.033594 
WS-b3=0.1922
