reduced-thickness=0.016098
fluctuation=1.9033
nucleon-width=0.71276 
nucleon-min-dist=0.49888 
WS-R0=5.052 
WS-a0=0.44998 
WS-b2=0.047181 
WS-b3=0.1468
