reduced-thickness=-0.098599
fluctuation=1.5757
nucleon-width=0.93 
nucleon-min-dist=0.86844 
WS-R0=5.1695 
WS-a0=0.42352 
WS-b2=0.012785 
WS-b3=0.2118
