reduced-thickness=-0.055793
fluctuation=2.0876
nucleon-width=0.60365 
nucleon-min-dist=0.9067 
WS-R0=4.9873 
WS-a0=0.52902 
WS-b2=0.15399 
WS-b3=0.074438
