reduced-thickness=0.068072
fluctuation=1.1521
nucleon-width=0.92479 
nucleon-min-dist=0.43801 
WS-R0=5.0377 
WS-a0=0.57077 
WS-b2=0.29882 
WS-b3=0.2775
