reduced-thickness=0.09093
fluctuation=0.6799
nucleon-width=0.88343 
nucleon-min-dist=0.20608 
WS-R0=5.0751 
WS-a0=0.42662 
WS-b2=0.1217 
WS-b3=0.22616
