reduced-thickness=-0.03104
fluctuation=0.39662
nucleon-width=0.71483 
nucleon-min-dist=0.48963 
WS-R0=4.9166 
WS-a0=0.58811 
WS-b2=0.089787 
WS-b3=0.11878
