reduced-thickness=0.083099
fluctuation=2.7716
nucleon-width=0.88532 
nucleon-min-dist=0.47861 
WS-R0=5.1213 
WS-a0=0.53681 
WS-b2=0.095867 
WS-b3=0.12953
