reduced-thickness=-0.028039
fluctuation=1.9662
nucleon-width=0.79091 
nucleon-min-dist=0.24634 
WS-R0=5.1166 
WS-a0=0.50157 
WS-b2=0.017592 
WS-b3=0.19111
