reduced-thickness=0.09543
fluctuation=0.88529
nucleon-width=0.86206 
nucleon-min-dist=0.70271 
WS-R0=5.0578 
WS-a0=0.48248 
WS-b2=0.29169 
WS-b3=0.12827
