reduced-thickness=-0.065651
fluctuation=2.1549
nucleon-width=0.68579 
nucleon-min-dist=0.083827 
WS-R0=5.1491 
WS-a0=0.49245 
WS-b2=0.23721 
WS-b3=0.16472
