reduced-thickness=-0.070377
fluctuation=1.595
nucleon-width=0.70546 
nucleon-min-dist=0.074102 
WS-R0=4.9745 
WS-a0=0.41435 
WS-b2=0.24269 
WS-b3=0.00082655
