reduced-thickness=0.080782
fluctuation=1.9475
nucleon-width=0.84868 
nucleon-min-dist=0.65767 
WS-R0=5.0968 
WS-a0=0.55652 
WS-b2=0.19901 
WS-b3=0.12718
