reduced-thickness=0.035977
fluctuation=2.5538
nucleon-width=0.84542 
nucleon-min-dist=0.98985 
WS-R0=4.9557 
WS-a0=0.51677 
WS-b2=0.22979 
WS-b3=0.032892
