reduced-thickness=-0.07109
fluctuation=0.86959
nucleon-width=0.56732 
nucleon-min-dist=0.49474 
WS-R0=5.0924 
WS-a0=0.5578 
WS-b2=0.18239 
WS-b3=0.077072
