reduced-thickness=0.010156
fluctuation=2.3036
nucleon-width=0.94509 
nucleon-min-dist=0.95413 
WS-R0=5.1349 
WS-a0=0.49492 
WS-b2=0.29928 
WS-b3=0.15377
