reduced-thickness=0.0525
fluctuation=1.1429
nucleon-width=0.51207 
nucleon-min-dist=0.11459 
WS-R0=5.0662 
WS-a0=0.57565 
WS-b2=0.020098 
WS-b3=0.094462
