reduced-thickness=-0.061487
fluctuation=2.1813
nucleon-width=0.74193 
nucleon-min-dist=0.11857 
WS-R0=5.0838 
WS-a0=0.52406 
WS-b2=0.19213 
WS-b3=0.18811
