reduced-thickness=0.087849
fluctuation=0.37486
nucleon-width=0.57895 
nucleon-min-dist=0.88057 
WS-R0=4.9458 
WS-a0=0.4355 
WS-b2=0.27076 
WS-b3=0.2909
