reduced-thickness=0.026985
fluctuation=2.1586
nucleon-width=0.71158 
nucleon-min-dist=0.32771 
WS-R0=4.958 
WS-a0=0.51995 
WS-b2=0.063316 
WS-b3=0.017737
