reduced-thickness=-0.076581
fluctuation=1.2554
nucleon-width=0.85925 
nucleon-min-dist=0.3254 
WS-R0=5.0335 
WS-a0=0.52303 
WS-b2=0.11595 
WS-b3=0.00042348
