reduced-thickness=0.085907
fluctuation=0.72411
nucleon-width=0.52405 
nucleon-min-dist=0.77228 
WS-R0=4.9272 
WS-a0=0.5624 
WS-b2=0.21109 
WS-b3=0.073144
