reduced-thickness=-0.064517
fluctuation=1.743
nucleon-width=0.56085 
nucleon-min-dist=0.23941 
WS-R0=4.9127 
WS-a0=0.44677 
WS-b2=0.016377 
WS-b3=0.077461
