reduced-thickness=-0.059821
fluctuation=0.87606
nucleon-width=0.60872 
nucleon-min-dist=0.21497 
WS-R0=5.042 
WS-a0=0.40852 
WS-b2=0.2041 
WS-b3=0.23848
