reduced-thickness=0.082198
fluctuation=0.53862
nucleon-width=0.90195 
nucleon-min-dist=0.28273 
WS-R0=5.1898 
WS-a0=0.57418 
WS-b2=0.080063 
WS-b3=0.024135
