reduced-thickness=-0.023605
fluctuation=0.47898
nucleon-width=0.75871 
nucleon-min-dist=0.73094 
WS-R0=4.9091 
WS-a0=0.42898 
WS-b2=0.29223 
WS-b3=0.28761
