reduced-thickness=0.037668
fluctuation=2.1977
nucleon-width=0.99161 
nucleon-min-dist=0.85059 
WS-R0=5.0845 
WS-a0=0.52881 
WS-b2=0.11773 
WS-b3=0.052394
