reduced-thickness=-0.022641
fluctuation=0.3683
nucleon-width=0.93235 
nucleon-min-dist=0.678 
WS-R0=5.1587 
WS-a0=0.4512 
WS-b2=0.09345 
WS-b3=0.1012
