reduced-thickness=0.032241
fluctuation=0.96145
nucleon-width=0.79609 
nucleon-min-dist=0.33569 
WS-R0=4.9007 
WS-a0=0.48241 
WS-b2=0.081636 
WS-b3=0.11432
