reduced-thickness=0.018174
fluctuation=2.0531
nucleon-width=0.9836 
nucleon-min-dist=0.28434 
WS-R0=4.9076 
WS-a0=0.41859 
WS-b2=0.065228 
WS-b3=0.21829
