reduced-thickness=0.04163
fluctuation=2.8635
nucleon-width=0.89051 
nucleon-min-dist=0.30872 
WS-R0=4.9521 
WS-a0=0.52998 
WS-b2=0.005067 
WS-b3=0.15812
