reduced-thickness=-0.012748
fluctuation=2.6524
nucleon-width=0.52983 
nucleon-min-dist=0.26154 
WS-R0=4.9161 
WS-a0=0.45057 
WS-b2=0.14662 
WS-b3=0.20825
