reduced-thickness=-0.0076512
fluctuation=0.81016
nucleon-width=0.80912 
nucleon-min-dist=0.054095 
WS-R0=5.0905 
WS-a0=0.58598 
WS-b2=0.052107 
WS-b3=0.035733
