reduced-thickness=0.063725
fluctuation=0.41305
nucleon-width=0.76793 
nucleon-min-dist=0.93838 
WS-R0=5.1914 
WS-a0=0.51373 
WS-b2=0.0099962 
WS-b3=0.2335
