reduced-thickness=0.01076
fluctuation=2.4987
nucleon-width=0.99776 
nucleon-min-dist=0.16763 
WS-R0=4.9249 
WS-a0=0.4442 
WS-b2=0.22035 
WS-b3=0.18074
