reduced-thickness=0.020598
fluctuation=1.0477
nucleon-width=0.9849 
nucleon-min-dist=0.10034 
WS-R0=5.0775 
WS-a0=0.59921 
WS-b2=0.084005 
WS-b3=0.035962
