reduced-thickness=-0.0027535
fluctuation=2.4211
nucleon-width=0.64509 
nucleon-min-dist=0.060176 
WS-R0=4.9848 
WS-a0=0.54272 
WS-b2=0.19017 
WS-b3=0.091554
