reduced-thickness=0.049987
fluctuation=0.44145
nucleon-width=0.87196 
nucleon-min-dist=0.4304 
WS-R0=5.057 
WS-a0=0.48578 
WS-b2=0.1597 
WS-b3=0.060453
