reduced-thickness=0.013735
fluctuation=0.75333
nucleon-width=0.54793 
nucleon-min-dist=0.72082 
WS-R0=5.1612 
WS-a0=0.47794 
WS-b2=0.28735 
WS-b3=0.030189
