reduced-thickness=0.051262
fluctuation=2.6703
nucleon-width=0.92249 
nucleon-min-dist=0.071268 
WS-R0=4.9872 
WS-a0=0.47009 
WS-b2=0.16301 
WS-b3=0.061849
