reduced-thickness=-0.01486
fluctuation=1.8843
nucleon-width=0.6529 
nucleon-min-dist=0.68212 
WS-R0=4.9788 
WS-a0=0.42936 
WS-b2=0.16577 
WS-b3=0.28443
