reduced-thickness=-0.0086018
fluctuation=2.98
nucleon-width=0.58703 
nucleon-min-dist=0.96032 
WS-R0=5.1675 
WS-a0=0.40247 
WS-b2=0.030348 
WS-b3=0.26885
