reduced-thickness=-0.089623
fluctuation=2.2056
nucleon-width=0.658 
nucleon-min-dist=0.76313 
WS-R0=5.0959 
WS-a0=0.44918 
WS-b2=0.15189 
WS-b3=0.1673
