reduced-thickness=-0.04728
fluctuation=1.6682
nucleon-width=0.90511 
nucleon-min-dist=0.3462 
WS-R0=5.0446 
WS-a0=0.54428 
WS-b2=0.19074 
WS-b3=0.095395
