reduced-thickness=0.025299
fluctuation=2.8196
nucleon-width=0.69716 
nucleon-min-dist=0.58014 
WS-R0=4.9672 
WS-a0=0.4797 
WS-b2=0.022345 
WS-b3=0.21237
