reduced-thickness=0.017879
fluctuation=1.7396
nucleon-width=0.73081 
nucleon-min-dist=0.59797 
WS-R0=4.9206 
WS-a0=0.42712 
WS-b2=0.28965 
WS-b3=0.28816
