reduced-thickness=0.0046914
fluctuation=1.7111
nucleon-width=0.54678 
nucleon-min-dist=0.35949 
WS-R0=5.0883 
WS-a0=0.46426 
WS-b2=0.20289 
WS-b3=0.17981
