reduced-thickness=0.094675
fluctuation=2.8321
nucleon-width=0.52667 
nucleon-min-dist=0.01811 
WS-R0=5.1434 
WS-a0=0.5526 
WS-b2=0.019028 
WS-b3=0.021193
