reduced-thickness=0.042034
fluctuation=1.4821
nucleon-width=0.85605 
nucleon-min-dist=0.87815 
WS-R0=5.0938 
WS-a0=0.46658 
WS-b2=0.1951 
WS-b3=0.2961
