reduced-thickness=0.002635
fluctuation=1.0492
nucleon-width=0.94089 
nucleon-min-dist=0.77792 
WS-R0=5.0225 
WS-a0=0.50881 
WS-b2=0.27587 
WS-b3=0.20303
