reduced-thickness=0.074683
fluctuation=0.83113
nucleon-width=0.91662 
nucleon-min-dist=0.92185 
WS-R0=4.9692 
WS-a0=0.5247 
WS-b2=0.2084 
WS-b3=0.19694
