reduced-thickness=0.014713
fluctuation=0.79604
nucleon-width=0.51784 
nucleon-min-dist=0.29947 
WS-R0=5.09 
WS-a0=0.56902 
WS-b2=0.03574 
WS-b3=0.12072
