reduced-thickness=-0.055323
fluctuation=1.602
nucleon-width=0.71631 
nucleon-min-dist=0.18452 
WS-R0=5.0998 
WS-a0=0.49184 
WS-b2=0.17446 
WS-b3=0.0031893
