reduced-thickness=-0.089973
fluctuation=1.2864
nucleon-width=0.86287 
nucleon-min-dist=0.83042 
WS-R0=4.9141 
WS-a0=0.59056 
WS-b2=0.12072 
WS-b3=0.16396
