reduced-thickness=0.07249
fluctuation=0.32
nucleon-width=0.88172 
nucleon-min-dist=0.13943 
WS-R0=5.1513 
WS-a0=0.5457 
WS-b2=0.016762 
WS-b3=0.04455
