reduced-thickness=0.062668
fluctuation=0.65508
nucleon-width=0.81134 
nucleon-min-dist=0.46973 
WS-R0=4.9346 
WS-a0=0.58768 
WS-b2=0.2625 
WS-b3=0.2065
