reduced-thickness=-0.099373
fluctuation=1.266
nucleon-width=0.93828 
nucleon-min-dist=0.74115 
WS-R0=5.1882 
WS-a0=0.50741 
WS-b2=0.096157 
WS-b3=0.11661
