reduced-thickness=0.0045349
fluctuation=1.6298
nucleon-width=0.75881 
nucleon-min-dist=0.56723 
WS-R0=5.0943 
WS-a0=0.44259 
WS-b2=0.26056 
WS-b3=0.10962
