reduced-thickness=-0.078175
fluctuation=0.61362
nucleon-width=0.86406 
nucleon-min-dist=0.39722 
WS-R0=5.0103 
WS-a0=0.45835 
WS-b2=0.054477 
WS-b3=0.093554
