reduced-thickness=0.048377
fluctuation=1.569
nucleon-width=0.79217 
nucleon-min-dist=0.028256 
WS-R0=5.1106 
WS-a0=0.58019 
WS-b2=0.26302 
WS-b3=0.16698
