reduced-thickness=0.09329
fluctuation=2.4776
nucleon-width=0.78409 
nucleon-min-dist=0.70379 
WS-R0=5.1455 
WS-a0=0.47706 
WS-b2=0.18462 
WS-b3=0.21542
