reduced-thickness=0.016918
fluctuation=1.989
nucleon-width=0.99427 
nucleon-min-dist=0.53713 
WS-R0=5.1097 
WS-a0=0.54858 
WS-b2=0.28849 
WS-b3=0.1033
