reduced-thickness=0.0019993
fluctuation=2.8923
nucleon-width=0.68018 
nucleon-min-dist=0.22621 
WS-R0=5.159 
WS-a0=0.5679 
WS-b2=0.040364 
WS-b3=0.11783
