reduced-thickness=-0.0596
fluctuation=1.1948
nucleon-width=0.73601 
nucleon-min-dist=0.31649 
WS-R0=4.9975 
WS-a0=0.47279 
WS-b2=0.018236 
WS-b3=0.23041
