reduced-thickness=0.047833
fluctuation=1.1017
nucleon-width=0.98998 
nucleon-min-dist=0.3303 
WS-R0=5.1782 
WS-a0=0.47423 
WS-b2=0.18423 
WS-b3=0.22963
