reduced-thickness=0.031039
fluctuation=0.99562
nucleon-width=0.78485 
nucleon-min-dist=0.81812 
WS-R0=4.9422 
WS-a0=0.47506 
WS-b2=0.21573 
WS-b3=0.15239
