reduced-thickness=-0.0043656
fluctuation=1.4396
nucleon-width=0.61178 
nucleon-min-dist=0.0023523 
WS-R0=4.9945 
WS-a0=0.42802 
WS-b2=0.076336 
WS-b3=0.23535
