reduced-thickness=-0.066859
fluctuation=1.9022
nucleon-width=0.58636 
nucleon-min-dist=0.60538 
WS-R0=5.1655 
WS-a0=0.46615 
WS-b2=0.26677 
WS-b3=0.15853
