reduced-thickness=-0.054752
fluctuation=2.0083
nucleon-width=0.77635 
nucleon-min-dist=0.9518 
WS-R0=4.9253 
WS-a0=0.5922 
WS-b2=0.26541 
WS-b3=0.21893
