reduced-thickness=0.079917
fluctuation=0.66923
nucleon-width=0.8548 
nucleon-min-dist=0.1983 
WS-R0=5.14 
WS-a0=0.46866 
WS-b2=0.17568 
WS-b3=0.096666
