reduced-thickness=0.0057659
fluctuation=1.1815
nucleon-width=0.58951 
nucleon-min-dist=0.18827 
WS-R0=5.1162 
WS-a0=0.50487 
WS-b2=2.7213e-05 
WS-b3=0.1759
