reduced-thickness=-0.094233
fluctuation=0.88759
nucleon-width=0.5846 
nucleon-min-dist=0.055705 
WS-R0=4.9352 
WS-a0=0.54886 
WS-b2=0.013454 
WS-b3=0.064595
