reduced-thickness=-0.080628
fluctuation=2.1419
nucleon-width=0.73723 
nucleon-min-dist=0.03321 
WS-R0=4.977 
WS-a0=0.56157 
WS-b2=0.059862 
WS-b3=0.27494
