reduced-thickness=0.056512
fluctuation=0.71758
nucleon-width=0.9482 
nucleon-min-dist=0.49119 
WS-R0=5.123 
WS-a0=0.56503 
WS-b2=0.27166 
WS-b3=0.057618
