reduced-thickness=0.0035785
fluctuation=0.7414
nucleon-width=0.67177 
nucleon-min-dist=0.8086 
WS-R0=4.9021 
WS-a0=0.59714 
WS-b2=0.16876 
WS-b3=0.26029
