reduced-thickness=-0.068702
fluctuation=0.938
nucleon-width=0.81017 
nucleon-min-dist=0.91081 
WS-R0=5.0095 
WS-a0=0.47227 
WS-b2=0.16145 
WS-b3=0.25322
