reduced-thickness=0.054406
fluctuation=1.1742
nucleon-width=0.91508 
nucleon-min-dist=0.13192 
WS-R0=5.0792 
WS-a0=0.50137 
WS-b2=0.043531 
WS-b3=0.041683
