reduced-thickness=-0.065165
fluctuation=2.117
nucleon-width=0.89337 
nucleon-min-dist=0.54231 
WS-R0=4.9654 
WS-a0=0.55014 
WS-b2=0.20561 
WS-b3=0.24576
