reduced-thickness=-0.088414
fluctuation=2.9143
nucleon-width=0.85046 
nucleon-min-dist=0.56565 
WS-R0=5.0915 
WS-a0=0.44171 
WS-b2=0.2018 
WS-b3=0.02732
