reduced-thickness=-0.034798
fluctuation=1.4208
nucleon-width=0.86088 
nucleon-min-dist=0.61702 
WS-R0=5.1735 
WS-a0=0.50016 
WS-b2=0.006689 
WS-b3=0.24501
