reduced-thickness=0.087192
fluctuation=2.0153
nucleon-width=0.69312 
nucleon-min-dist=0.69803 
WS-R0=5.0767 
WS-a0=0.58048 
WS-b2=0.11176 
WS-b3=0.21571
