reduced-thickness=0.031464
fluctuation=2.7323
nucleon-width=0.52636 
nucleon-min-dist=0.14612 
WS-R0=5.1488 
WS-a0=0.43867 
WS-b2=0.062388 
WS-b3=0.1791
